0
1
2
1
2
5
6
7
0
4
8
11
10
9
0
0
7
10
9
12
9
16
1
5
4
12
0
23
4
9
22
18
28
30
12
10
31
10
7
17
15
27
33
6
11
11
40
19
12
12
5
34
37
22
24
22
21
57
13
56
60
44
37
62
4
56
59
17
19
29
12
54
33
12
73
72
70
56
74
26
73
67
42
66
20
64
14
73
34
2
9
22
31
38
46
85
62
50
76
90
58
50
26
37
69
13
69
51
7
52
3
71
18
113
31
74
16
25
30
39
45
23
48
121
55
34
96
40
99
126
125
131
23
109
17
8
77
60
37
35
8
31
106
102
111
118
89
102
69
70
27
85
127
89
143
77
147
139
115
157
116
129
160
76
41
69
160
59
109
69
4
5
143
159
121
90
109
104
163
28
10
119
50
51
152
103
27
62
35
138
122
116
87
61
20
158
150
181
120
88
49
82
39
203
201
75
145
13
136
59
14
196
155
190
146
102
74
20
41
66
75
150
63
67
14
166
66
151
215
98
59
231
162
56
168
52
80
176
33
231
67
212
234
233
129
202
147
46
104
171
118
95
6
119
159
53
76
165
196
86
14
116
195
2
174
228
39
264
62
4
85
181
3
114
229
95
269
0
72
24
96
188
270
145
184
259
174
112
252
202
214
249
99
105
287
70
201
2
47
114
293
242
267
276
171
96
202
17
289
291
1
198
255
203
122
196
172
266
281
204
195
76
155
292
205
19
177
140
163
120
276
133
14
206
129
282
8
92
267
54
308
114
175
194
100
134
149
238
280
255
259
1
224
249
240
326
282
142
135
352
360
113
315
115
220
346
89
132
94
305
337
102
167
341
287
18
104
354
129
5
46
100
216
152
111
54
132
294
55
71
181
21
178
31
337
114
330
321
253
156
311
256
37
19
237
304
12
262
291
247
7
153
175
66
336
32
329
163
243
49
93
34
386
305
178
73
259
214
50
359
207
46
426
259
145
53
205
70
46
295
39
66
139
16
405
317
290
370
418
177
276
205
208
329
315
368
184
4
307
46
204
392
14
174
100
435
189
457
257
290
335
6
52
15
129
402
153
446
189
382
223
57
420
167
450
142
256
441
341
60
252
184
199
259
451
149
202
412
428
313
423
437
372
498
105
428
371
176
304
327
314
80
328
456
111
387
252
94
398
204
221
473
450
508
75
113
484
522
192
206
349
521
234
240
29
238
268
485
258
307
208
515
11
390
436
11
89
249
518
116
136
71
210
214
321
344
491
16
340
330
318
424
94
123
52
152
149
492
206
13
195
543
396
310
458
139
65
145
455
217
323
36
107
457
481
403
293
392
275
525
566
156
22
577
353
58
209
94
280
90
389
305
453
562
106
64
484
387
493
440
196
588
479
369
422
532
44
570
601
14
57
40
592
602
488
548
454
261
131
511
314
252
30
88
319
525
58
180
32
233
486
367
144
45
60
595
55
627
386
7
147
464
197
318
275
342
232
137
36
501
483
375
271
367
365
346
506
235
40
29
515
154
661
623
564
438
574
643
26
590
485
522
680
148
79
477
163
94
603
175
471
671
607
185
419
237
569
365
558
128
35
207
345
265
511
248
140
59
510
80
709
545
510
135
616
520
315
581
83
672
592
31
116
285
184
152
269
0
243
506
552
195
150
611
142
608
557
511
615
72
355
298
589
603
363
421
130
648
724
579
402
670
643
495
493
217
551
684
590
58
455
43
388
42
676
196
668
233
206
155
312
36
466
745
26
296
594
435
672
291
303
127
583
192
724
752
181
263
696
684
212
276
261
442
81
437
615
485
306
515
583
675
652
678
381
11
99
521
324
1
701
306
769
618
676
677
262
338
534
210
47
476
539
424
595
264
715
524
225
690
396
751
439
320
220
29
213
178
393
369
732
431
621
179
450
4
354
375
154
174
670
236
771
505
470
276
465
427
63
58
214
641
256
454
465
671
196
746
40
217
138
636
303
352
90
866
30
381
562
253
167
135
53
476
288
766
796
832
578
105
564
368
220
562
34
846
106
67
528
319
803
753
849
202
507
141
377
618
328
871
797
431
793
525
868
180
372
805
232
545
357
90
456
305
620
393
921
256
889
118
92
56
139
538
11
724
634
198
697
194
919
288
714
399
939
901
291
435
383
762
608
850
573
923
306
869
890
222
721
159
639
735
718
585
912
112
867
116
753
850
51
401
48
839
897
909
907
143
613
914
136
559
637
636
857
479
737
577
875
827
18
142
344
56
405
383
920
524
559
133
696
753
607
544
259
54
212
87
69
311
810
201
409
80
737
420
158
188
627
506
237
956
726
272
803
29
862
506
181
221
77
896
250
987
295
98
641
159
825
932
836
74
621
459
205
753
263
386
324
1044
330
17
941
549
285
197
288
105
802
228
995
56
336
114
357
319
758
1033
594
888
332
44
901
493
601
1020
739
689
393
1018
37
191
291
758
1039
433
953
1039
462
514
651
1059
164
134
448
910
122
1001
535
961
705
600
604
525
371
962
907
629
318
28
901
937
458
1096
953
385
710
272
975
906
1056
390
3
1114
1012
37
212
142
414
371
894
465
483
636
61
1008
184
571
1035
951
981
833
644
124
641
279
430
295
83
661
158
486
69
1047
527
1122
450
471
846
610
888
880
612
1140
750
466
648
249
216
715
526
184
494
831
1031
851
470
695
675
755
1020
314
895
97
921
918
300
700
424
999
802
91
266
564
723
828
1073
127
514
922
846
139
166
964
434
662
859
885
14
813
290
1108
782
434
320
1202
923
898
660
976
934
159
1090
846
132
1191
840
1021
63
590
1199
1202
886
469
1034
572
779
697
984
1050
943
1080
1056
260
307
981
103
917
652
1200
629
400
583
276
1192
130
904
546
993
1118
68
1234
70
1170
494
788
1174
1023
52
233
581
232
1266
751
559
915
1017
940
1065
232
361
412
854
1157
1054
63
995
1166
1235
1099
1122
126
1031
845
283
418
1009
715
301
1004
425
425
534
951
755
390
604
1049
254
504
1156
1311
286
314
93
882
1006
126
853
147
1041
541
374
161
1240
579
464
567
528
478
503
1
1162
901
24
1073
909
1048
500
628
9
832
596
741
1208
1139
1235
1338
1045
806
905
1222
869
471
263
212
1107
419
735
1163
1108
596
708
40
1128
534
798
1185
1051
74
367
972
897
83
861
341
1232
168
1217
599
379
737
972
1064
446
328
630
1136
714
1218
472
209
76
1096
660
228
1325
126
848
918
1208
540
639
629
42
980
334
832
447
1399
728
203
589
11
580
760
1270
81
402
692
1002
179
683
657
514
1286
727
524
110
703
1295
242
288
288
1414
951
193
1243
132
1427
970
368
705
668
583
100
69
475
1119
434
330
529
1000
122
59
1140
1014
98
1096
88
37
929
1095
956
978
485
1341
1386
194
386
489
151
753
660
1397
605
750
383
1288
342
144
1039
590
176
1189
269
719
1019
67
310
1184
1467
560
15
122
481
305
1478
1363
1046
333
100
1177
1306
639
1421
1110
857
1238
297
730
1045
516
1182
615
333
963
816
542
805
1065
455
213
241
1328
487
491
226
663
147
1453
1200
1444
1324
120
919
598
1258
735
1188
1411
846
1380
1440
210
1504
1447
1296
1342
9
877
1362
1194
876
716
807
93
1043
1030
267
1065
755
1453
710
497
86
1218
642
814
897
172
1397
451
305
1003
629
1051
776
1159
579
218
1487
800
684
813
400
417
944
707
949
1194
402
822
1217
445
888
1439
1255
1139
773
1410
199
1514
963
473
1185
1195
1162
1053
44
933
23
831
750
49
1062
43
1051
1409
1165
1028
1123
1559
579
1414
662
855
411
578
1346
1110
946
90
420
980
438
356
84
604
509
0
1381
1065
514
558
103
1115
1212
1316
358
1292
560
1114
1095
282
496
365
1265
35
807
404
576
711
840
1658
267
1140
1547
292
1620
1624
995
1569
692
786
1128
652
1125
916
783
1400
411
115
239
163
479
1114
741
84
866
320
911
760
85
361
1043
621
817
670
617
215
1272
1284
1484
421
595
1191
216
6
1381
188
1154
648
1174
192
1628
965
146
1191
450
1390
1678
279
1323
649
203
596
341
316
1575
1503
1561
634
625
1587
1359
773
1607
1605
390
1700
1702
748
1159
953
708
1588
1467
991
1548
189
1139
830
424
1568
1617
706
464
994
1715
27
1558
1172
1369
1352
263
1023
752
1189
65
482
1414
422
1646
1115
1095
44
744
600
238
1100
1507
1387
1412
938
147
1238
1326
742
1250
820
1340
1218
366
1074
41
666
728
140
1670
1562
555
548
775
1649
55
423
1486
1519
908
116
701
382
439
702
760
1509
89
523
131
1301
332
1098
1077
539
431
207
383
113
811
675
434
534
568
1754
1691
1543
1764
552
816
101
315
1452
1060
822
1565
248
830
1
1294
360
1621
1366
250
1150
883
1029
1031
1779
884
51
1689
1523
419
393
410
91
527
660
1077
1405
1767
1606
915
993
1752
1363
77
1456
1123
716
1808
90
1386
811
1420
116
1447
101
714
1056
908
1123
1383
1020
1604
507
445
1887
1671
113
246
130
987
12
966
1298
1033
1846
1615
463
1115
692
1561
1803
51
1131
498
1521
904
215
1755
913
738
1472
1792
1254
425
1844
1313
1197
1905
1060
721
1309
675
1798
1540
651
493
863
432
915
1157
385
1084
770
255
1604
1074
907
1891
937
955
185
562
988
1084
1489
43
788
791
1659
740
1407
914
420
592
436
1479
1584
1770
1086
1796
448
862
740
507
1767
1668
1293
1750
1228
802
1086
531
294
267
437
1741
1855
1525
1623
307
1095
780
1896
762
1908
49
271
1529
1118
1092
598
602
1230
1203
540
660
1252
770
920
941
1168
1063
1244
1575
144
300
1007
835
527
1950
2011
1463
1733
75
1265
1477
487
17
1370
1114
1022
1473
1858
1575
917
287
456
1487
1711
1480
1596
815
1510
256
912
422
729
2019
991
723
1683
1590
48
1520
523
1350
1123
1287
180
1180
1280
346
539
1280
2051
1892
1493
1732
742
363
626
1228
758
673
982
1157
1084
809
483
1688
1984
337
1661
800
2005
2039
2008
172
235
192
804
1574
373
1189
1407
1314
1671
899
1808
1045
1912
1424
1315
112
956
250
1682
1199
579
1342
258
971
246
2094
1180
456
1020
98
1550
1773
394
1300
1590
804
646
591
490
346
1277
2116
868
719
1310
175
1429
102
1797
1581
641
1413
845
563
876
2049
1664
101
291
465
506
536
1716
301
1775
1974
1698
1627
39
1978
601
857
1809
403
821
500
19
2140
976
1877
209
624
1356
1122
2087
296
1654
1717
1125
15
765
1813
1161
569
130
146
1602
952
186
1949
396
1365
950
1181
811
1800
455
176
1629
769
956
642
1520
561
732
342
1302
482
2103
758
125
530
1699
1586
89
1401
1342
381
1156
1727
571
849
1303
1248
1656
1948
1137
1716
1856
94
1890
149
1234
285
1455
2061
2207
1190
950
1407
1869
1546
527
2202
1074
632
1488
1190
1921
75
834
471
527
1751
1908
1772
753
1854
741
1880
615
758
2060
1572
1656
172
2088
865
1044
476
1842
375
663
864
888
535
605
994
1092
1398
2250
329
1503
1234
1196
1563
1681
26
365
671
34
628
509
184
1982
15
1449
984
215
1443
911
915
1980
515
22
1468
75
1999
108
757
81
509
1764
129
1863
2299
458
1461
1988
1061
1
653
2198
469
1147
1808
59
1877
459
2330
488
636
1040
256
1387
1304
1864
2326
1102
954
526
913
1927
2252
1145
1006
331
1023
1412
2253
2138
2078
763
2350
1591
1664
1998
2110
1200
420
1067
548
1113
2271
777
790
344
1072
948
1017
1248
1317
1718
1597
2318
1637
385
520
1790
339
79
2166
353
1668
683
2298
1840
2326
2144
535
599
1057
600
1981
1152
1913
253
2201
1474
6
1621
1104
329
1086
58
371
2373
1314
2319
760
743
1614
917
1856
1016
1122
283
844
1251
242
196
1330
1480
1699
2095
622
1304
414
1786
1782
340
51
2050
2290
947
84
1274
966
1791
1315
1402
882
468
678
1992
899
651
96
2143
1445
1324
965
1860
1654
2324
598
1846
1081
1115
876
393
43
1372
672
874
1843
2128
276
590
745
1457
2245
723
883
1690
2391
1188
1468
1561
1275
831
2376
444
398
1450
59
148
2208
869
1255
2298
1192
495
529
1835
2423
244
2428
1984
219
1553
507
21
221
1818
1310
2407
1738
1377
1480
265
789
175
241
531
1219
1029
549
1220
2456
2045
2164
2319
1673
2050
1156
2120
1225
445
2264
1297
1508
2085
1128
2090
245
344
1529
1799
610
69
111
2083
500
1447
1976
169
1495
2018
2238
1643
1032
1903
996
2398
2276
1632
2351
2287
1628
2191
1918
1671
1546
1848
2554
1392
1480
928
2272
1649
1075
1003
2087
1349
842
1201
2529
446
1585
1479
728
947
923
63
100
398
2142
2211
857
875
442
2095
1686
724
363
97
829
574
875
95
1726
1994
2417
5
760
1259
2096
1960
304
232
2345
389
743
629
1145
558
418
2341
1143
320
2190
1520
520
108
1050
1780
391
2226
2281
1741
321
2425
341
54
1988
1711
487
691
1728
650
1742
1617
1816
312
1396
2326
1939
574
716
1468
2475
2515
841
860
1284
1596
1549
1697
224
2487
588
1212
1743
921
415
1360
1815
1068
136
2010
413
77
1665
685
2442
263
2522
2255
646
1653
32
936
1771
2061
636
397
557
115
2557
774
1021
681
559
572
748
1069
665
2647
65
688
636
1910
893
1136
844
2570
432
1522
2148
1304
901
1122
548
1013
1538
1712
83
2056
2571
111
2063
670
1347
672
1788
1017
2110
2250
1055
669
524
703
1136
1783
1874
1661
291
1660
1632
224
1638
949
383
1970
1943
2036
18
812
1529
802
1392
1457
2391
1501
1487
846
2017
996
605
2614
913
1236
1318
1881
2
748
1211
2694
828
232
1977
1493
2517
2230
2057
1850
2278
2107
1962
2667
1638
2246
1064
859
421
1485
374
861
782
1065
2497
887
969
589
211
147
742
597
762
383
2797
2730
2664
1304
203
1633
1446
355
2294
291
2725
2728
257
2304
2753
1234
168
2478
1685
2647
227
321
2623
9
709
408
604
2527
1385
1076
1590
151
2026
2005
1395
358
1442
2068
281
1414
559
2227
685
629
361
2779
594
2806
1781
260
2434
1017
2260
45
2458
2612
1620
2287
2267
2004
1956
2444
1510
2584
2078
969
596
2095
711
2331
2063
1869
2156
114
2703
999
429
1320
1943
783
1400
2092
2339
1021
102
2570
666
2328
2397
1524
2280
524
214
579
861
1423
1906
373
2829
2665
266
1148
1342
1665
1110
875
798
1020
449
1526
1964
50
1449
376
2387
2639
1154
609
1193
1426
1567
213
2545
1285
285
969
1694
2306
1013
2098
1228
906
1436
2920
1193
118
2370
1530
2068
1714
304
2540
37
1748
215
755
1646
1206
1405
2235
1679
2406
1387
692
840
984
2401
1222
1592
670
54
2007
2305
1174
796
2701
2089
1991
68
1308
2344
2117
1965
1982
134
1878
2203
2905
1717
2739
2313
1763
738
1277
2363
2945
2922
2729
1981
2274
2548
2698
1435
2470
1780
1586
136
1675
2900
477
1349
2000
351
2033
280
252
2645
754
2204
869
2904
929
3014
968
1156
19
1229
222
355
1310
837
1317
683
290
2522
349
680
1918
1132
1203
1277
498
2827
2882
1739
963
2668
1492
389
1391
229
2860
2758
1766
408
1509
233
2278
2451
1137
282
446
1300
493
1782
2320
2974
792
639
989
828
902
1895
761
1916
2830
2165
2266
1792
2230
988
1395
2140
1130
2190
370
40
1450
1058
2112
1348
1360
2214
730
708
2822
1201
27
1644
1493
65
2611
343
989
1353
712
2687
306
2437
56
2642
546
947
177
939
1386
1689
2761
2352
658
1712
2761
2721
3085
70
1090
1615
1421
812
2706
126
2421
1857
631
2593
2796
912
861
1641
748
345
1104
2744
1178
115
2789
1790
2841
2033
2572
2719
2918
1360
1792
1978
2208
2657
1329
2802
1162
2444
822
2030
516
3157
2196
1930
1272
3065
410
2777
262
1567
134
3109
1836
1328
616
1728
3098
1471
2257
1796
2951
1773
2455
2040
749
2666
1773
3147
1274
1989
11
545
2191
2624
1516
882
2572
2500
1589
2688
2841
622
1853
552
135
1871
2906
1555
172
192
2402
317
3015
1024
1866
1595
2803
1766
1668
2442
785
1278
864
2726
83
1990
1855
2110
1896
3038
1835
3173
2681
252
2903
1566
3230
2503
1994
991
2457
2554
3068
2153
541
2214
339
1681
2802
2207
2501
804
196
1807
755
733
2326
329
1305
1053
2853
947
87
2697
2479
266
526
2594
2317
3100
3189
2683
1542
1979
1778
3120
91
1174
2272
2625
3141
2119
2293
1335
1514
43
320
1058
673
2992
2615
2612
2585
439
2246
2209
1929
920
653
1143
2237
1236
3245
2914
966
3189
2613
2764
2192
1530
353
2323
1228
563
231
1900
427
341
431
747
2132
361
2399
1699
3180
2999
2691
1408
399
801
3008
1410
2580
249
1830
140
582
967
157
1473
459
3162
829
2170
2484
202
898
539
3006
1199
1910
880
1766
2251
778
1586
1878
1180
2263
1759
3281
1571
654
3218
610
1976
820
1231
537
2021
860
987
977
2656
197
644
1825
2425
2989
1995
12
1804
2092
3149
2279
1252
2683
2510
2640
170
560
956
2844
1032
208
2838
3306
2584
375
42
3181
3282
2458
1841
1230
2734
163
2135
1004
2162
895
2017
2392
2835
684
1448
2750
262
1123
3010
2357
1814
1138
800
140
1017
2880
562
1807
1456
212
1120
123
2494
2823
926
1454
2763
408
1233
2765
1777
3244
974
53
3138
3076
1674
3192
3349
2039
1019
2823
389
1076
929
1869
2481
446
3453
1795
833
1872
1103
2441
3110
1684
2285
1955
647
2131
88
2994
2461
1550
1978
402
3297
131
562
1005
3265
2560
2087
81
145
910
928
3263
2606
2879
2464
3328
681
289
559
3418
1449
123
1331
329
3388
1916
1199
2032
2829
2332
2347
1198
2741
3089
1616
1172
325
1514
290
3099
3496
2157
3430
1455
1872
1125
3291
2778
585
2244
3285
1063
729
1416
1793
3407
3
2449
66
2616
2508
3499
3244
3190
3057
1392
3124
1194
3538
2851
2556
3187
2957
2754
2070
3369
2786
1925
1452
1718
2737
2550
650
2766
2821
832
240
1828
1965
235
2675
797
849
2437
1105
640
1522
2704
1144
2350
104
469
1221
1377
3167
732
242
550
1958
3
1088
760
1296
686
445
62
786
2685
725
1373
141
2352
2481
1430
2874
3325
202
343
1203
1027
2343
3086
3535
3181
2345
2698
254
283
848
1674
2876
2218
3108
1495
2538
406
2426
757
3264
1985
2928
330
365
474
2836
1303
1549
551
2530
1454
2193
712
3279
438
784
2118
3494
590
2771
2745
1542
3221
3047
3038
3276
1507
595
1378
2283
210
3067
3234
3645
3283
3611
2809
1197
337
1672
693
1826
1743
2083
2747
2396
353
2507
481
2809
2176
2263
3138
1255
326
1956
2942
1934
897
2576
2089
609
1671
1377
2101
2558
1638
3573
2178
184
329
1845
2233
2359
833
356
3157
481
3355
1458
2934
3166
1536
3475
1297
448
2421
611
1496
2201
3338
1845
1408
2749
1644
1612
3421
1610
3429
1047
2232
1985
3544
1406
3641
3469
3268
1525
1922
240
2059
810
3616
2174
425
1101
1654
2030
3073
562
3206
1064
2585
3039
1090
3011
3579
1691
1973
2030
2171
2155
664
3208
3170
3153
3414
38
813
2158
2990
710
2270
197
3009
1566
310
2614
100
2381
2123
864
1285
1881
3150
1874
2286
2814
631
1176
1124
3370
2616
80
812
3253
2279
1066
3494
105
1671
913
2579
770
1749
266
2477
3468
3655
925
2186
2814
2423
1627
635
1753
50
3518
1167
987
2456
3612
3121
1161
1093
2684
2049
1977
2462
863
40
1857
84
1247
3501
2735
372
2576
2838
1075
655
978
3699
1009
73
941
3501
2480
1740
1993
41
14
787
3124
1961
1144
2319
2903
3425
3063
3151
789
3288
1441
2235
2013
438
3008
2831
1210
907
1045
3170
532
3443
2648
3605
1573
2974
428
3774
112
3102
100
1772
1686
265
1261
2371
2161
459
3642
1672
543
3147
3308
3429
2938
1932
43
1368
3243
3376
2648
2811
3886
3607
3236
1413
1221
2861
711
707
603
3119
3342
3317
828
3686
928
1863
48
3702
2190
634
697
1325
1129
2924
3767
917
696
435
3924
776
359
1324
2444
804
1146
801
2170
451
1850
3745
3448
3622
33
2614
1678
3771
2467
1416
3306
3485
3156
1638
3277
1072
3856
862
641
3689
398
2253
1388
3916
1342
3888
3346
342
282
3648
3065
3559
3069
386
1056
3584
609
3832
1379
3797
3388
228
3118
1887
2703
147
1117
835
3382
1699
164
1820
2241
3321
2099
2115
572
3270
1055
3789
3950
1952
3399
2614
1472
2119
2616
2753
3069
1224
3109
127
2152
2150
666
706
1502
2581
3979
409
2967
2420
840
1687
3445
1231
998
2490
2957
3647
3927
3289
1198
752
3534
2233
1998
2895
3264
2492
2173
2273
35
3470
3085
3227
1890
3282
3675
1856
16
1279
3096
2516
736
3673
3986
3309
146
1478
472
818
1849
3046
1406
2462
2323
2130
3721
1696
3269
803
1229
3977
2681
149
2742
372
3295
2611
2737
1828
2823
2814
2037
1500
3504
1785
1066
394
142
1228
1306
2041
1105
1350
3571
151
941
439
3790
1667
13
1186
3427
2848
563
2306
525
657
647
830
2861
4035
1581
2218
3510
3334
2401
1302
1439
1863
2430
1369
4113
3132
3353
3024
1217
2767
3988
1427
350
644
208
599
2007
768
783
3667
337
3807
2477
2637
1493
26
1358
3030
1612
326
3905
1389
3107
3458
881
266
818
4075
1911
3124
1989
481
797
2578
3856
2335
887
621
1523
2257
1287
2183
530
3160
2419
1322
1142
2447
2926
2620
2891
1255
3648
3497
2896
3283
1908
3028
3039
340
1302
1990
3073
2320
3845
2229
4132
1323
2143
3916
3439
2189
2576
1995
2898
3308
940
992
710
3726
1449
1023
3595
3017
1536
2652
2276
2020
3777
4006
3654
3068
1601
3679
2543
1454
37
2925
3234
619
3489
377
386
847
103
1078
992
2307
698
1109
2943
1522
1368
323
3281
267
1768
3946
2039
2039
2566
2741
2591
568
3416
2543
3986
2041
1867
4176
3788
4019
1328
2912
2187
2388
3537
1941
1226
904
4006
1190
1854
3682
755
3828
3749
1872
1056
93
251
1713
3836
3425
397
3048
1168
2300
2188
3118
1606
3764
880
467
3885
2719
2177
2074
241
759
1068
1338
3991
4137
3615
1430
128
2242
435
1555
2789
3638
3041
4070
4082
2728
1042
1690
1458
282
297
3257
1897
2674
3965
123
1705
1952
2716
4060
394
1156
754
212
504
3542
2281
328
3951
223
2034
2816
2225
4219
421
4330
949
3562
2516
2870
2518
3037
2596
4216
3346
1356
2640
3859
1965
1489
3905
3092
2610
2700
1376
141
3381
4248
3218
1303
3317
2467
2591
2568
2933
3296
493
3053
441
1949
444
1827
4102
4038
3246
3750
648
1142
1447
2871
1166
1238
864
3259
118
1127
1828
2595
355
334
257
178
1078
624
2019
573
3337
181
3080
948
992
2018
3074
495
4011
472
294
3047
1686
3388
1404
3178
1410
816
3122
4395
113
1778
4045
1658
4224
1469
1683
3923
2191
4145
4406
2437
2624
3542
528
4328
1671
2697
2616
132
2328
261
2038
2680
2139
2501
2464
4314
3694
1600
2326
2143
3288
2718
3625
2385
2276
2907
513
3347
565
2796
498
1240
1669
2454
390
270
3471
3275
3550
3342
316
990
1938
1069
590
2809
4003
331
2203
3970
1344
1233
3911
3434
607
3559
4178
2861
2948
3439
3751
3597
4022
2698
2094
1293
3198
191
1886
2505
2630
3403
1682
3682
2955
1767
1809
2356
4014
2677
2161
1289
3003
1315
1232
351
396
4476
4276
1453
854
1009
3045
3244
2209
4073
2930
587
2281
1793
3150
2731
2931
4119
896
2546
3910
4097
2153
2511
1101
1853
2443
1330
111
2404
611
1948
3736
4325
2190
3469
3682
820
2624
244
4011
110
3800
2163
4470
255
2175
1579
2910
270
2369
231
157
1213
637
4412
3727
909
2214
539
4191
3450
3959
584
3472
1837
3101
2328
2291
2681
3944
2515
1409
402
4373
1190
2503
725
4136
899
2848
1424
3551
3480
4195
3564
1142
4039
3977
3177
2951
1270
4584
4525
1718
435
426
3694
2060
2920
4182
319
4574
1734
3981
3809
3612
1078
2689
2763
1838
1654
4246
2863
3935
3293
1249
2594
3058
3681
1995
2985
1420
509
1633
921
2957
4018
817
597
3063
1090
821
734
1926
3788
3257
3916
3696
3555
393
3302
4394
352
661
1356
2042
1480
1056
1057
833
3820
3690
1268
1291
3033
1909
1749
837
1150
2206
1412
1092
4263
1407
3667
2104
865
216
583
4458
538
3256
1561
2497
4390
584
4408
363
609
1145
1475
623
3662
3421
4172
4036
1191
338
359
289
1223
4132
4663
1178
3078
621
11
4482
1816
2079
2578
1344
774
4213
1410
3984
842
1353
1366
1909
3370
1476
4044
367
1469
4289
2854
3602
902
1987
352
1682
934
3348
1565
674
1911
2777
3489
4213
4361
940
3302
1220
3899
1759
2025
148
4466
1532
2419
1406
2118
1387
1608
2107
2690
1073
4327
2113
2686
4697
3516
1873
2726
4289
3607
1272
1128
1636
2555
3964
1781
3845
3271
2886
1686
2481
4468
4009
3283
1064
3629
3351
1505
3339
3328
3842
3726
2892
1916
259
3841
2227
2913
3473
2358
4342
4690
883
2871
4155
2568
4124
1218
970
1899
2329
2904
3653
425
1485
3130
1754
2577
3705
749
1099
2321
1797
3912
3517
3094
335
4074
115
2273
1619
1014
989
26
1278
3451
3003
4564
1935
1938
210
4377
2183
773
1032
4583
727
1826
867
3668
2546
3455
1277
1493
1269
2750
253
1010
4676
120
1539
39
2881
4114
1379
274
1670
3786
4512
2131
4544
2384
660
570
2238
2773
1932
524
2183
971
3235
922
3683
2568
3594
3619
3525
3622
727
2645
4795
2186
4534
4469
4169
4570
62
3498
3934
2348
1271
3233
1320
2572
4238
3002
3336
26
3861
4882
159
4452
1995
953
335
4885
4065
3431
4269
4352
4193
3094
3726
2268
4800
4691
4412
2071
2316
4397
2871
3309
1362
2306
2114
3496
1714
4422
4899
958
529
1363
4411
1086
1711
1784
324
1122
194
3166
2421
208
834
2360
3731
4221
2171
165
3320
2237
4864
2815
4181
4524
1544
3767
4961
2883
1215
888
4910
3265
274
3873
2576
4457
1521
2756
3016
1129
4229
4834
2559
3996
3021
1536
2668
4213
1686
232
3373
367
384
3338
354
4233
1375
912
658
456
84
2340
1775
4936
1578
4473
3970
2400
160
640
4263
1752
4164
4624
3554
1881
4291
3243
3397
69
4039
910
3751
4021
2093
2020
4527
1560
3178
1556
768
1450
1864
264
1116
2133
3525
4759
2122
4841
1666
820
1454
3390
1886
4918
814
4686
507
4933
3747
928
1616
1192
1878
2464
1332
965
3522
2842
89
3305
4123
4547
442
1435
3946
3141
4190
4523
1019
3119
4923
3948
15
3153
3408
416
3148
3280
3355
458
81
3004
3422
3803
4260
1769
1165
59
3247
2548
2453
3950
4143
2520
3814
1590
4335
1296
4305
2654
827
3381
2395
834
5080
4615
467
811
2368
873
1194
3756
3688
456
2012
3671
1618
2503
409
4750
4046
3191
1434
498
1468
5078
1714
3551
1522
4506
4002
3882
209
3902
1345
2676
3718
2296
2631
508
2831
4517
1881
1571
85
63
4663
77
326
777
103
307
2335
1246
2615
2708
3871
4857
455
2894
1569
214
36
1662
4699
2769
4113
2347
3255
4841
4891
3154
1808
4337
524
3795
2583
4130
4326
4568
4460
3371
2064
3625
307
1071
4339
540
2004
3674
1122
2258
1484
3982
1152
1340
4505
3077
1366
4370
3996
4065
1549
3193
2532
3631
5080
1526
591
1039
2064
4174
4442
622
4026
4619
972
2583
70
3590
20
2157
315
1639
3590
3122
634
3748
3599
66
3181
4341
2350
4154
4783
519
4413
5047
2729
4172
3400
3290
3384
245
1117
1107
2740
328
1687
367
1695
2192
3985
3154
1127
4772
2759
1016
3216
1446
231
1765
2511
2791
1884
2739
2313
4781
3781
2421
2231
3356
4478
1173
979
2636
1630
1257
2362
1328
1594
2290
5091
4349
5278
327
5223
1925
3315
3513
2427
5114
4040
296
1956
1757
3782
1716
1522
4583
4989
1179
352
5170
2405
4085
4071
3843
850
3604
4573
8
2676
3938
2302
157
1868
4399
560
50
2140
1057
4077
4951
4131
1055
1328
587
756
4464
3523
2142
3635
2000
1753
2274
4729
3254
441
4977
1245
4706
3865
4625
3484
1245
4411
139
4338
334
3144
2435
1315
2408
654
3819
5016
1514
4203
4696
1901
1637
2302
195
31
1219
1771
2901
4022
505
4641
4818
544
438
2402
715
4849
3316
861
272
3456
2818
1108
3569
1021
4012
2517
1997
3711
3360
630
877
1664
2480
2723
3983
4578
3627
4611
4651
3529
4214
3381
4347
3081
1022
881
2300
3137
4001
3272
2001
5413
3689
5228
2919
3541
2436
1196
5267
281
5332
1822
76
1184
1996
220
2078
3645
2375
1346
2338
3198
2865
2634
2178
2107
3985
5412
1515
1772
4035
4709
1151
4224
2404
2869
1962
4688
4129
988
4015
279
555
5460
3769
1237
1393
23
2890
126
4021
1995
153
2563
1603
1822
1402
1194
4928
216
2398
1171
2433
1787
1183
256
2993
969
2232
1583
2718
2046
1512
2476
3463
2482
2487
5428
2389
3176
4882
1250
2150
5014
3893
4184
3376
492
8
2420
1468
3903
124
4461
3695
1446
3311
2386
1089
4386
2071
1643
848
2046
2805
1837
1956
1211
2923
332
389
4373
4989
5146
1974
2659
2973
1869
2618
4417
5294
1824
4559
3920
1929
5262
1615
1802
2565
4459
2423
1063
1660
2517
3067
4905
3256
5197
4493
1274
2123
3850
4113
2097
2802
5211
5082
3609
261
3686
4600
362
5287
2465
3470
2538
4145
1775
477
2122
3722
3285
2023
4394
1060
2958
2729
330
4051
1775
5529
1086
1062
5425
3410
3442
613
5445
5274
281
1559
3353
5210
4806
4668
239
2217
2597
4623
3217
583
4658
4134
680
4853
3378
4102
3538
212
2896
2735
2186
4723
21
3600
1985
5141
4077
1611
2767
1785
1402
3184
1831
1052
3506
3752
1819
4733
4920
5608
1652
2637
1191
2513
1638
3593
322
1059
1996
3790
1588
5040
21
2005
4830
2189
2991
418
1072
146
4614
5221
4060
2123
5324
5212
2726
1274
506
1965
3681
278
3852
2643
5330
2951
1686
532
3044
3687
3559
5614
329
253
5022
3397
4528
5138
4227
456
3052
1992
5434
3773
1693
1645
5086
3669
3217
2785
4307
25
5272
406
780
2872
4448
1217
4959
1418
125
1263
2756
396
3119
1067
4561
3082
408
4916
5563
341
4525
5259
3258
4409
3664
1284
1505
3814
1278
2239
4538
4255
2840
2444
2950
5185
5673
717
2161
535
634
5363
2899
3788
5424
1971
4721
5528
5547
5058
4691
1876
560
5376
558
2804
1825
2111
4840
2305
4947
5665
4369
2180
3569
2642
2318
769
1636
5610
4674
3866
221
1329
4078
1921
1397
389
1089
2964
4451
671
3338
453
445
213
2097
4673
5319
1207
1135
1211
2779
814
4316
5209
633
2786
4883
4900
225
3888
1924
5569
828
5521
1611
3856
4469
4670
1526
2388
2217
691
769
4962
26
2346
4784
2170
3642
5539
3164
82
1458
4669
3998
1044
4334
57
2886
5766
215
1515
916
935
715
647
2295
713
4140
4108
5781
1775
1570
4095
3234
4273
3476
4769
5039
1163
4078
4258
5381
1993
3091
5248
1765
5708
922
293
2997
4833
1967
2796
1939
4809
3989
2535
510
3677
343
714
3090
2287
829
3066
5735
3010
2592
4505
4157
331
3506
1638
1187
4551
4283
1204
2597
2944
5486
3968
3796
1110
1434
879
3420
2889
756
5741
5152
4462
4721
2260
2037
5602
2333
4571
360
4520
5705
2148
3763
5007
3256
1631
32
221
1236
5398
5073
2386
5782
4826
2460
5355
4377
1530
4542
3847
4461
4900
5545
2091
3154
201
1359
914
4142
2321
3899
3507
1308
2822
2981
2910
3267
2170
1873
2835
5292
4170
2474
87
4790
3909
5029
1499
4753
1295
2919
1629
5966
3905
5466
5044
3713
4760
2997
1988
2482
527
1565
3537
475
2421
2234
3237
5439
945
3033
3862
4115
5448
2644
897
5548
4901
3586
2976
1043
4115
3176
301
2195
1245
368
5045
1526
1682
1850
5205
3125
2707
2705
2818
4702
69
5588
5408
3144
3249
5631
1418
5642
4122
2778
3950
3328
5402
1360
5056
162
4440
5490
1746
4631
568
2684
5317
676
5632
2273
3825
2447
4841
318
4259
2969
5970
3814
3570
4544
2065
5888
3397
4506
4838
1809
126
1582
2133
4514
2828
1837
3443
1546
2069
4331
1544
36
3802
1218
1635
4878
2734
4534
2386
5110
4105
3637
1635
5380
1084
3306
2438
1692
2104
900
5966
492
5726
946
3278
847
2921
1847
2962
3951
583
5165
4464
2613
3137
126
6014
3734
5370
1150
1443
4109
4896
3282
3977
1619
4592
2898
3488
540
2422
6000
1013
2887
2289
4661
5500
4725
2678
2790
3364
5402
1606
2537
3872
1198
1661
5108
5847
1622
3111
5611
4834
5128
921
751
4881
2130
3536
4655
4383
4210
4260
920
3539
5159
4811
1064
1977
3300
3660
1343
1499
5337
4885
2804
21
3393
4475
2168
2774
5886
4142
3533
3203
495
207
2234
1696
4897
3427
498
4460
225
1166
1158
4539
3521
3790
4608
1061
5452
4367
1838
4774
4954
743
852
4094
1105
4142
3435
1744
1841
5704
673
186
1978
4434
3321
4732
5494
2213
2681
4547
4794
4581
1986
4692
3132
3719
5735
2915
3488
4205
6131
5770
4428
289
606
6130
2315
4839
3482
5395
2858
561
4991
3806
2255
3718
4486
27
1881
133
1009
4987
593
3136
4752
5680
1481
190
4541
2850
4958
3669
4129
325
3389
2596
2049
1877
2438
2589
1383
3069
4628
1307
4466
3403
1771
5520
1202
2034
4283
2419
1350
6061
3487
5483
342
5723
1346
4769
3697
437
5210
3815
5861
2431
1045
791
4527
3521
3037
5804
2367
4340
2646
3287
438
1686
262
936
5080
4819
168
4151
6056
4582
4842
4126
3719
3685
6260
77
3255
1449
3728
4491
1972
250
511
4857
698
4721
4849
5281
2351
2102
5425
2754
2607
3390
681
1832
6289
5211
2382
5344
5337
4730
1400
468
43
4205
2251
5655
1250
3756
1672
437
4888
5332
5369
4850
5091
3120
3343
5353
3921
4332
4754
1644
3027
4848
1415
5077
4324
4550
5346
5678
1660
762
4063
4561
171
4573
4760
5691
4920
3319
944
4239
3819
1092
364
5611
3090
3698
2918
3463
1736
4500
1532
1618
1788
4045
3918
4735
1015
5702
3888
4020
425
1836
5699
5820
3088
5484
3304
29
1507
2982
5883
1512
4492
2209
5158
3798
2145
1553
2913
3105
114
5852
1300
4649
1836
2568
1876
422
4800
2892
4598
2311
3255
537
3040
4862
139
3639
1025
1919
1741
5246
3696
3112
2911
3426
1155
3432
3686
4461
3266
2717
5199
3258
4249
4182
1837
3953
3209
2275
4897
407
5911
4057
2747
886
2030
3951
2231
876
6294
4105
3422
6292
5509
2793
4734
2592
5570
2455
4337
366
6429
4605
70
4965
609
3761
3377
1696
5425
4135
1782
2958
1947
5714
4770
5366
4543
5990
4131
6474
2428
5631
1139
6161
4707
1126
3103
5835
2646
125
3072
3052
5186
5220
3228
6318
5809
926
5930
4088
4357
5739
5146
2029
6269
3722
1678
489
4707
4519
503
1246
1928
4923
2357
4762
3501
6046
6422
927
3372
5996
2754
5682
3698
4430
1353
1274
17
5054
572
2190
4648
5509
5759
6473
5414
2552
1390
6538
2920
3819
59
6527
3813
3192
1718
2547
3890
5409
5035
4449
4642
2910
444
3724
989
2908
3254
2622
855
2538
3840
2765
2033
3914
5193
3729
2684
673
2397
3136
204
1497
4717
2799
5303
2577
1100
4932
5255
804
6521
3398
5192
1897
1933
2031
2353
10
1886
458
3068
2112
2461
6510
4510
6162
744
4525
3479
3981
2671
6047
6576
1861
2964
1851
1860
1511
5233
1343
2165
6250
571
3113
3965
5236
5321
2004
3100
3680
2533
4267
2762
5749
4236
366
5183
3951
6626
712
4058
6155
855
5242
512
3081
4107
4595
1561
2309
473
186
2893
196
3247
2494
1847
5192
2397
5043
2714
4827
6115
1081
3170
5880
5092
5245
2930
4716
1485
2440
4143
5417
4793
3102
206
3516
830
2352
1608
1756
3558
396
2265
5818
2402
982
263
5078
6483
4766
2221
2889
1376
2264
2356
894
3769
1144
5194
5090
2513
4478
5640
6643
2583
2189
1034
1243
4769
1102
997
4904
455
514
2195
3590
4545
5759
54
5406
6685
2639
3279
3500
1304
509
4179
362
4898
4023
2575
5081
2638
6140
710
6100
1932
2480
5130
3808
5039
1680
5363
6562
5220
6077
3584
189
849
3998
4091
1939
1413
6554
4663
4084
594
1395
4142
3241
323
5350
3252
4051
6083
2051
1456
1538
106
2592
4250
3840
627
1602
6670
4824
2272
1740
460
1676
2980
998
3753
5519
2393
5224
2426
1228
1125
5661
3153
837
4488
1542
6211
576
684
5416
1717
1600
2555
3582
737
1610
2025
6021
4097
6485
142
6045
3236
4659
1810
1832
4969
1829
1229
5599
5273
3481
1916
2781
4921
4000
6662
6422
6691
2398
2837
2239
4472
4059
6400
40
5191
5789
2276
3023
4665
1935
3763
5577
3398
2946
6068
4492
6137
4139
600
2354
6571
216
4491
4047
6161
1277
4117
1238
5508
3542
6436
2907
2122
2777
2721
6528
3653
3498
6457
808
5523
4988
3997
4633
6051
611
1900
5725
3593
4448
4619
4792
4001
5804
74
4128
1567
3722
2775
5712
667
5681
1509
1338
3682
6239
1599
2926
941
876
1049
4542
5517
222
5617
21
2031
2130
4886
6039
1677
4638
1336
4842
2734
5062
6830
6891
1208
5610
2659
1571
3610
971
4185
3210
6440
3813
3017
3796
388
5711
6360
509
3544
2244
4262
2566
4176
4451
4165
2432
81
3283
5971
6786
829
93
691
1263
3926
1873
3366
2396
3553
5467
6911
6944
6339
4052
602
1332
1045
6796
5172
1075
6675
730
3506
2202
3230
5098
4607
560
6873
3062
4196
1253
6779
5239
6536
3295
5669
6847
5780
1925
959
3545
4561
1825
6623
4660
5577
4066
481
5512
6963
3758
4250
1202
3870
3708
3927
1408
6867
5158
1314
1224
1931
351
4588
6059
3845
2858
1622
6502
5469
2503
5193
1259
687
1309
4202
1244
3575
3501
5591
80
499
304
5761
6172
1911
2594
3582
2433
6207
6361
215
3386
2775
3750
644
4181
7039
3710
308
1800
3124
5937
5515
2146
331
2123
1721
5260
2888
6237
925
5710
318
5722
5354
5998
1208
1480
1632
1125
3142
4533
1597
5230
2888
157
6371
5421
3981
31
1358
6233
3193
2700
5652
1392
3156
483
291
605
1074
2660
5314
1339
4171
5254
3899
5163
4650
2876
5303
5082
1136
7097
6074
1132
5127
3982
6569
1657
3418
593
1384
4278
199
4756
2481
882
2971
4401
2798
5873
3360
724
1238
2844
2146
2076
3667
500
3831
952
4764
244
4128
6409
173
3181
3249
1403
6028
6752
6413
5207
2949
3605
769
4106
2500
585
2213
6379
4094
3201
1575
5707
2265
5162
5087
2955
4774
3135
4643
2068
6007
6391
6329
451
4997
2721
6780
668
6889
902
4187
3173
195
4768
5073
3255
2189
5033
3731
464
4037
6136
708
1680
1894
2163
4092
3706
4220
5244
4221
4819
1072
224
2711
2806
920
2727
5398
6876
861
6136
1278
6138
877
4720
5545
5512
2673
6355
572
4212
5689
1824
2581
6071
1627
6652
6409
4899
4455
4454
3328
1364
3285
1141
1689
670
1292
2475
5895
1399
7004
3510
3383
5167
5521
6088
5759
2585
6126
383
4522
7120
4020
7076
6338
1965
5096
6326
124
736
5951
7072
2598
5044
1495
5440
363
5978
4025
3369
4422
601
6884
4590
2093
874
5131
5802
2105
2717
3418
1688
3850
5626
2003
3131
383
5389
5708
87
2814
5723
285
6915
5845
1194
2700
4767
377
7115
5674
5313
5931
2200
5388
1846
7274
1739
1679
6889
2256
5166
606
4933
5557
4425
1410
4990
2433
3273
4888
2974
5471
7250
2802
3580
5323
4565
2773
2665
2848
1714
799
2981
6965
3515
5686
115
5557
591
5784
2521
7245
7258
2268
4473
2287
6341
6699
1553
772
3480
5371
5700
1615
1801
2064
1818
5618
84
6089
4696
4815
3783
3632
1302
4172
5749
95
2562
7245
4195
3662
2728
2248
2603
4296
6421
6510
39
3995
1728
6339
3472
1517
2111
55
7098
2191
4883
2401
203
5159
691
5032
5493
5214
2755
2774
5017
6061
6084
968
6745
5324
3702
5284
3897
6809
5957
2308
3178
3824
5316
1340
1785
1024
7362
1881
2319
3257
3633
232
3462
4514
3109
952
7386
4703
1380
2248
1222
5954
2732
6859
1979
1631
5325
6144
3481
116
2577
6214
4777
3802
6756
224
1095
5758
5729
1341
3621
5742
3394
6718
3709
1722
7276
7319
4417
3090
4044
3678
3968
586
1256
5737
161
1207
4782
3273
2199
6001
4594
6711
2055
1184
2716
5088
1649
5231
4453
2842
7372
6633
5205
1558
11
1409
7121
7194
743
1668
1432
2237
5092
2554
4352
2819
3318
4538
2421
7181
3563
2068
2831
1823
5255
3809
2086
4450
425
6105
5684
5086
1961
4281
5564
6347
3251
2410
2827
709
7515
4839
4022
905
146
5528
5633
2690
7280
520
5346
5821
5039
7000
3404
5470
7539
7544
5080
6187
781
1074
1664
292
3118
2789
7308
2597
1379
3031
687
4826
7198
1068
227
2227
2078
2391
7404
3315
6331
21
7543
774
2516
7554
3825
1023
4080
3668
1405
5162
1055
3047
1009
5002
1301
5861
1781
5026
6235
1267
2950
3055
3593
3807
6691
3732
4344
4247
3855
7289
5826
4151
4650
5288
1600
3114
5329
7081
1900
733
4012
3844
7050
7194
1934
2806
1247
5494
7327
2188
4439
7169
3906
6232
7581
5606
2971
1526
2156
5310
153
3470
2310
2650
5746
4161
402
6173
1850
6760
3586
5793
2618
3732
6375
1909
298
5894
1216
5313
4187
1682
5340
5124
5991
703
5706
5597
7071
708
4427
5854
6812
2573
2673
4476
7426
7656
3637
2211
3502
5621
2131
7257
7659
7126
3080
778
2281
3043
6235
1174
152
5378
7048
7140
6073
6218
4695
3798
1279
2530
5624
27
7376
5327
6836
2717
1882
521
2337
3110
1356
4111
4912
2085
5331
2277
6880
875
6147
994
1301
64
5495
6891
1817
3678
6700
5644
4706
7285
5224
3849
6803
3597
4161
1241
7462
2689
6682
1505
7187
7070
6035
3300
1207
6182
2239
7073
1570
983
2489
294
5598
4044
1251
5812
31
6977
2160
2319
5084
4935
3890
2831
4545
6987
1380
3529
4679
6120
5334
588
6390
5053
15
1918
3682
260
7377
4949
2292
1018
2331
2487
1686
2089
3835
7481
1650
5359
7535
1025
4853
2169
6039
4052
3569
6689
7421
4209
5667
6651
7127
2343
2969
7143
7534
2590
7092
2331
960
5460
3279
5987
7572
4801
2005
667
6132
2539
4983
2351
1472
5105
5785
5027
625
5365
7333
5947
2020
6574
5217
6071
2578
6078
7325
1047
7585
3137
4810
1963
4000
3629
2352
329
7635
2474
1680
3044
6863
2385
7369
4611
5298
3759
5622
6064
65
3288
6814
2324
3330
3782
2154
6044
6257
6696
6316
5363
7226
990
1606
2081
3826
5207
5828
7776
5131
1516
4930
3033
6393
3348
7216
5724
5347
2298
1910
3623
2875
5634
2849
6878
2046
7503
5733
5350
4068
4023
4160
7364
2229
2341
5660
3505
4917
3507
2005
5216
7273
6386
7271
1966
1624
1051
6542
4400
4642
7204
776
6785
6303
7869
736
6410
1828
7052
3533
668
397
2352
2778
7256
4141
3890
7242
7287
7265
1693
1118
47
7554
733
2416
584
5571
5981
6205
4214
1411
3763
10
7686
4486
7486
4349
889
5266
277
4914
3442
7588
348
4644
7931
710
2931
6679
990
947
4126
6099
457
1869
7168
298
4718
3926
4058
5908
6324
55
6674
6154
2112
4858
5318
2491
7741
4470
7333
3762
452
7384
1137
5096
1936
4134
2094
6230
6720
5275
1122
718
3050
349
6033
4661
7281
6139
7912
5307
4075
2863
155
6420
1491
674
5255
3697
4459
3422
23
3996
7859
786
3721
546
7746
7757
6988
5258
1026
5350
5072
4697
3726
3093
1727
2022
5386
5715
1443
6449
5830
1842
6656
7260
3961
1377
569
3786
5509
4827
6295
2176
2909
3432
2640
1190
7215
5260
263
368
298
5659
3158
2772
814
6991
3769
6009
4229
773
7936
2084
3893
5284
3975
2405
4879
2310
4363
6657
897
5511
4637
2365
884
3104
1517
4178
764
2814
5430
3896
6627
2836
2182
3814
5669
7233
2109
3819
3237
7307
3168
3927
2638
6556
4566
7024
28
337
2386
5984
4118
6095
6690
6523
2325
2613
5543
1884
157
3953
4125
3751
2706
3360
948
4850
3323
644
2050
6801
3013
1034
559
7291
2082
2949
3293
2648
619
1053
7892
7872
2812
483
2568
4148
1006
3280
7347
538
1536
6884
7555
5699
6863
253
3892
172
5964
4301
7546
3148
6537
4224
3856
6426
4245
4181
4407
1886
1442
7069
5091
4156
1991
7017
2005
3393
3477
8109
4568
1514
5261
2101
2673
3930
4970
4085
662
5193
7459
4363
7177
3954
6589
5347
5403
627
4756
1160
5384
3020
2472
5579
6930
6579
3007
3484
6615
7356
3664
7354
4554
1137
5760
1653
2499
138
8171
6487
2669
6384
4540
5013
7473
1111
807
2370
3494
722
5092
4196
2619
3039
5928
4492
1538
6914
7265
5627
7731
1443
713
3745
7355
5371
4451
1700
8205
6687
1038
6046
1969
2899
1474
3028
4300
445
5354
5698
2359
2746
4274
2969
3655
5504
964
4017
7042
7106
2595
4351
3011
2895
7266
3554
2281
1817
5276
1575
2665
5899
4337
5319
3532
1587
6381
529
4262
885
8151
3015
1424
2464
6256
4645
365
4302
7454
5426
3291
5771
4332
7569
6384
4476
4420
2372
7024
4777
2425
7402
8168
325
4725
7847
8054
6460
1235
845
312
1088
1083
6461
1149
577
5624
1443
454
7284
6058
7366
2639
5767
4283
2477
2880
1507
3585
6064
5961
3561
4895
7791
3061
7449
3562
27
2912
3542
2189
2559
8316
910
4097
5063
1116
3879
5505
5275
1457
4895
414
1273
4796
4961
6885
7973
5508
6898
698
1635
6512
661
2129
2701
1054
4949
4559
32
3420
3737
1802
3866
3480
5160
3872
5061
4864
5238
196
2490
5089
3581
1375
7519
2073
2809
6295
2651
5340
8260
6386
2334
138
3436
1548
3488
2090
5204
4298
8009
7428
4220
4795
678
1283
7144
3251
8110
7147
2459
1502
4070
3517
5384
5233
8271
2283
1988
4457
4231
6004
4070
3028
3059
7792
8290
6495
4149
505
1318
7381
3916
5293
8437
3442
2031
7116
3628
1391
2951
542
7875
6601
1317
6800
2490
7659
2767
2042
4002
1842
4172
3860
6558
6884
2028
4002
4349
3868
1743
1970
4434
8405
3466
348
2171
5170
4582
7613
6764
7273
5154
1348
3508
2465
7481
4853
4843
7466
1740
1692
3747
4849
7710
6392
6835
6864
7884
6455
3589
5786
4033
1737
1989
6259
4675
4174
7520
3098
5615
2397
2622
214
5786
7546
6492
4273
3876
4872
5818
201
5561
7495
5205
6417
1101
4945
3464
7858
2211
6523
4998
6811
4489
2448
2722
2568
4911
1615
2049
5375
3744
8530
3344
7116
1486
8453
5591
2982
7979
2208
8556
8501
5750
7197
421
8324
1933
3876
6130
2297
8296
7706
1427
5094
6909
1269
3693
7036
4709
1011
5363
6343
6133
4133
4468
2308
7582
5909
6365
6428
2402
8132
3276
3218
4320
3336
295
1196
2324
7746
2566
6534
638
3902
579
3205
4411
366
5610
826
8126
4395
2520
1504
3601
7047
1854
5760
2029
1366
655
5580
2755
4928
1414
2737
3307
6114
3634
2525
2701
3538
6686
6019
4812
5437
7980
7799
4533
6044
1973
5669
8233
3362
6743
2020
886
1579
8533
577
6683
1838
4929
6266
7741
8634
601
7590
255
1008
5136
2508
1650
3075
4676
326
3079
7773
5541
3801
3575
5265
3339
4495
6359
1468
1078
4565
1144
5781
3496
3531
4093
2190
4758
7607
3135
3041
3050
8133
1632
7750
3528
8268
5037
7722
7457
739
5439
6338
8156
5888
2809
5127
4102
7931
7911
4707
163
2313
5593
4265
2634
5592
6789
112
1401
2891
158
1464
7658
4354
5652
793
4775
3612
3838
6794
5536
3072
7125
7086
2683
1161
2067
3681
6603
3680
2190
174
2010
529
1704
8285
5614
4804
3372
8553
4158
171
1009
8329
1900
2095
8079
1890
4319
5909
4830
5273
2052
8603
6983
6509
1571
3548
4989
4960
3761
2353
5116
6712
8168
189
2156
6142
3371
5046
6889
3661
7229
8676
8356
7090
952
2505
5964
2239
5189
7403
2924
4242
3713
606
8280
7275
3882
2681
1445
3444
1506
6768
5816
3826
7061
4046
763
3650
3720
5949
1360
1354
4615
4959
7445
5517
2535
1325
4406
8707
2126
5486
7467
7463
3067
5060
3648
1445
1106
8820
5987
8693
484
1041
3562
8464
2889
1623
1604
1117
2899
3963
3467
4327
1913
8516
1316
5033
2247
6047
4070
4791
8105
3645
3001
7817
5929
2252
4152
6494
691
914
1436
1352
784
5194
4375
4047
3492
4204
5752
2599
270
6164
8008
1223
8104
1642
932
6664
4357
351
4687
7149
7993
7316
4750
485
5193
8785
8699
4769
8093
478
2360
8469
7789
5240
4194
4836
6856
2336
8739
8515
1370
1711
7657
7712
8574
5459
6781
8790
1992
6945
1163
110
3385
2205
4118
1724
8217
7025
1341
8625
3359
2426
536
1312
2778
1388
8605
915
3781
7288
8559
4327
7985
6727
1868
7912
737
3348
8435
8701
4770
6467
1229
4557
4204
673
1273
2676
8172
5937
5391
439
7382
4060
3752
2560
8413
8195
6244
8693
7231
4227
1147
5802
2460
6206
8171
8909
2064
6585
6718
6616
8561
7700
6959
5423
5775
3953
4655
6975
193
2046
4594
2827
6884
1169
6125
2862
8437
878
1603
6701
3186
1384
7375
7868
5642
636
4574
6205
5157
6298
1501
2700
8431
1228
2763
7747
8088
7451
551
4523
6714
6988
8695
1641
1210
2704
2000
4405
3052
8806
7523
8002
8970
4070
7225
8793
1943
4201
5385
4539
4451
7648
2273
504
1921
2736
2956
7336
8167
4766
2652
7588
1580
5718
7623
3800
1947
8144
1828
6071
4229
6205
7727
8181
7671
5684
1398
3460
2855
3788
5290
4175
2876
1862
2030
2673
3422
2160
6881
305
4944
8675
3236
1951
8382
7021
554
2951
4082
5175
3686
1721
2930
7028
3507
4166
3897
998
1726
3281
8022
1566
1679
6763
7771
7597
1275
4395
7574
7810
5459
2593
2404
7336
4237
1670
4728
3891
107
5749
8044
2601
3851
10
1936
5326
176
2348
4672
8275
4066
2320
1958
2801
5305
5018
5440
1200
3598
4992
7920
2225
56
677
9100
4423
4655
598
1736
4914
713
7958
211
1459
4536
8678
1110
3605
8364
2503
1335
6160
5649
4362
520
1602
8138
7866
8216
2094
297
7459
926
439
2810
8506
475
5549
8508
270
7436
6852
2274
7937
4220
386
1746
8121
5162
2449
1261
3062
75
534
7035
5966
7301
4061
6533
7080
552
5565
201
8073
1223
7226
1101
3963
5245
6325
8247
1974
4071
4576
2655
9017
2568
90
5024
3316
5703
3620
7131
8689
2855
1463
9031
3735
2400
1933
9012
3055
7357
563
1011
4668
1161
3402
3460
452
5690
8763
4200
6917
4886
8543
6734
3844
4297
6430
8948
4328
3391
5540
5387
1719
497
2588
6556
5154
3872
2930
2457
7262
8944
4615
8376
7246
4559
7196
2349
1478
3031
7444
5840
5102
7638
4400
307
7948
1823
334
6268
32
5927
1935
81
654
2730
6386
2340
7941
7772
8870
1262
861
644
3098
7658
8300
454
440
2859
1241
7023
5823
2010
7997
7163
1397
4326
3854
3380
5602
3865
4462
8684
260
1650
8140
4748
7221
6063
6827
5125
4625
6267
5566
2269
5945
6789
3752
1309
5851
8642
7982
7714
4781
1030
8800
638
5830
3536
6048
5202
1006
2206
837
7071
6691
6499
5982
7665
9051
3769
434
7907
3703
7592
5844
1519
2949
205
3060
3775
5146
419
6723
7888
1516
4703
4284
2323
2375
4286
5546
781
4787
2365
3065
5185
1990
5557
6026
3311
6766
8325
4292
5395
3048
1505
5750
1753
5024
143
1405
9015
6725
6219
7802
1371
2232
7222
3345
3137
5514
172
7422
2830
3272
8745
5354
6471
2066
7367
2517
4253
8779
5337
6218
6554
9413
8884
1915
7669
3446
3362
8861
509
2764
81
9276
3834
512
7290
7202
8505
5843
1928
6295
6927
7416
2567
7052
1980
580
1971
2919
7891
2538
1521
7684
3964
3685
2332
6769
1860
995
2569
8005
2673
8900
1846
900
4628
858
2795
5336
8449
4064
516
5745
450
7829
480
6448
7512
1445
1982
3683
618
5682
9157
1066
6926
3848
770
5042
5386
7660
3375
6792
2593
8559
8129
830
4895
9099
1825
1907
2578
5877
5980
8125
5031
8952
2899
1406
6702
7664
2697
9416
4615
8634
8415
8822
1105
179
2277
4938
2757
1739
7825
24
8539
5314
2267
2283
3698
6233
2049
9030
1079
5809
4901
3178
735
6085
8885
9446
5245
2515
271
8056
6169
312
6686
691
3422
5412
5138
726
8926
5446
2162
3341
4720
9103
2028
7571
6393
8873
8047
3119
5641
3417
9286
5686
1474
116
5385
4683
619
6764
5610
7529
89
8707
366
5722
6248
1734
7605
5167
7701
2758
8345
5457
6363
763
5793
5956
5525
4364
5290
7738
8282
1858
2269
8705
8007
2600
8290
409
2899
3918
1625
141
7927
5046
6570
5719
8829
6597
1960
262
8533
4158
6430
2951
6716
4213
3238
9421
4409
3883
4119
2891
1683
9266
1319
7784
7690
7439
6088
4303
3109
9246
3250
2261
112
113
4186
4739
931
3760
6945
1859
7253
8759
3225
6936
2946
3419
6857
5830
7675
8763
8651
4388
982
1505
6784
8139
3102
2442
5786
2287
8921
2654
1054
4313
6925
6758
4996
4885
7517
3724
9522
4338
3286
3585
1721
9217
8890
1376
6384
4346
7652
4301
3093
1994
172
4678
9308
4536
2079
7617
2068
9583
1093
5161
7417
6936
4674
5815
4753
1638
2786
7116
7793
3547
4579
2212
2713
6652
9202
2078
1287
8164
9466
9596
813
8466
5272
4290
950
7018
4718
300
699
6133
5885
5671
974
3899
4254
4891
4279
9134
9613
5439
292
5245
9474
1564
673
2485
5455
4286
7436
9371
2709
5579
6048
4428
8846
2523
841
7532
9252
2027
711
6685
7580
9587
8638
6418
9193
1459
7102
9101
5994
5240
6983
9652
9389
2391
3032
9246
534
9753
2718
8203
5496
7995
4784
723
7057
7356
9294
9312
5549
5118
4880
3573
7967
1832
3362
3570
7832
3340
4660
3202
6720
3114
6750
9603
242
2060
133
930
1017
3718
863
2442
6697
6044
3442
168
8453
3209
8929
2839
4097
7227
5326
9104
7324
2123
8211
6287
9211
1804
6838
6700
3139
7869
374
7845
2911
3759
2415
1901
749
2215
4093
7745
4295
1245
4104
922
1012
2523
4494
3529
4780
5618
2952
7342
1574
4067
299
5039
5089
7539
9420
1854
5067
8620
7595
3847
9136
8122
1027
6852
3327
8282
1659
9276
8845
6859
7858
2812
2229
3567
7568
5239
7559
7387
4083
1787
454
3234
7900
1551
4800
769
9161
2215
4652
2244
5042
4618
1647
4129
8668
6013
8740
8024
3715
1505
8610
9677
7979
6347
5522
1890
2431
2215
1386
6131
9206
4030
2926
6731
6149
3039
8601
911
7450
3953
5497
6876
1540
5121
2347
1601
1199
2933
2238
4485
929
3940
662
1863
7252
7271
3847
4553
6051
1732
6357
3616
2278
2535
2534
9914
5615
739
5037
2584
188
736
427
9748
3120
2338
8034
1585
3909
9565
3750
4234
3645
9960
9666
8415
8378
7406
148
1392
3493
223
1093
6286
20
8720
9430
6857
8728
6613
1461
6382
9784
5599
6088
5632
6388
8633
9637
2610
3086
368
7393
4714
9794
7469
7813
3158
8362
5993
1034
4780
8980
3308
6403
8832
2606
9863
8140
2536
1829
4603
6553
2885
700
1213
8406
5989
5701
2625
3623
1812
7356
9743
2380
5319
9899
9712
8228
8013
7401
8357
7509
3142
6804
5227
4050
1062
1335
482
595
3521
3344
2143
1703
7509
4973
1524
5923
5296
2766
2188
7364
1147
4728
3191
9077
5566
1041
7191
8962
8748
9851
4713
3825
6026
6549
9614
3514
8552
655
4266
1567
1943
6151
9490
4652
8640
9626
7808
9930
10046
4362
4289
7984
9406
83
7058
7608
4806
8263
2725
7206
5356
2113
7926
9469
7849
3819
9413
2042
1737
6910
1162
852
3558
6993
2614
792
4927
5640
2526
339
4078
8222
3984
9480
5324
520
6870
633
4251
2682
6253
704
4336
2211
6655
8145
866
1271
8169
1624
8906
6009
2481
9358
5186
4645
5267
6670
7762
5537
1105
695
1158
8466
6811
8363
3295
7046
5962
4668
2980
213
7087
664
3670
8605
3386
9111
3849
7997
5164
4651
261
695
2308
3436
4266
4698
4854
5737
3426
1643
8268
148
2652
9757
1020
4633
6392
9916
1365
6343
9729
948
2760
5478
8973
3919
794
7404
2110
3750
7610
4007
9104
5938
8882
6068
3009
7538
6065
3144
6740
8187
7232
5462
8908
3655
2435
8231
3564
202
7202
5660
8320
4014
5570
163
8373
259
5877
357
5588
3806
9585
10082
8196
252
3420
1834
5178
3631
806
6890
8519
2799
1930
4978
5182
6968
6373
9352
611
7860
3034
859
6874
3661
2394
5152
2977
1768
4933
668
1249
3390
5471
2566
3134
3738
5162
6278
2665
7855
3975
6807
3481
7510
8228
9019
3577
9461
9452
9921
3765
2485
7930
8599
9891
7293
1972
9013
2765
2414
8459
5127
5816
3499
5974
1751
9577
774
1712
1924
5284
2854
1948
10231
6710
4356
9982
8022
1111
4876
6164
9499
2805
6
769
10086
7475
684
1982
5686
6829
4034
9680
5424
6624
8651
717
10326
399
1110
8911
1733
2559
7999
8147
904
957
6331
1689
8112
8814
7549
2798
4802
2213
7424
728
3129
6745
10103
10076
5088
10105
10277
5242
9858
4724
4047
9068
6633
3170
7327
338
354
3997
18
1612
8565
1419
5648
6873
6439
2654
2542
2251
1098
157
5400
4964
8473
10039
3311
5173
8327
5689
6377
2593
8429
2183
8875
2146
1711
190
10330
237
1666
6304
9698
4190
8425
193
5555
5505
3405
10044
3279
367
5426
10002
1821
7767
9877
308
9923
557
1394
1684
1073
3085
3512
734
9967
4588
7810
1269
2937
5539
6266
5468
8412
2114
9752
6971
9584
3491
8800
1900
2817
8538
10394
535
1930
6728
5995
5217
2260
725
6844
4622
9316
4904
4960
2280
3148
6383
5389
6013
7444
2291
6981
1548
6835
9162
3014
4174
10218
865
774
8847
8852
6290
3034
3596
415
6937
3570
836
1893
3638
617
8391
829
3669
10086
3566
1908
1891
5741
335
4440
8654
3869
8968
8547
9331
8731
6838
2241
6983
933
597
1533
9088
4052
4454
1895
6160
5529
8178
9452
8628
7686
8148
7438
3574
5052
1157
5461
7937
3144
1743
4886
4286
6605
8654
4249
9250
5577
407
3548
1501
2350
2845
10292
5003
1653
7178
3467
4363
7234
6391
3242
5525
2802
9546
4428
4604
4251
9779
3284
5957
1719
1906
2721
7409
2052
1088
9109
8931
10531
6854
2235
2419
1073
80
3364
10058
1347
9376
5530
246
798
3390
7932
1685
4994
9234
2300
4374
2526
2778
3952
9678
9940
5003
5878
4876
1057
3547
5567
9728
6448
6809
1665
3129
5916
5592
2569
9753
2295
7472
2933
198
1701
6920
8694
7796
6302
9366
7810
514
255
8291
4169
6718
2931
6019
2639
5553
3152
1753
7103
7910
7872
2399
9608
4132
3724
2822
6769
6530
3012
7510
5217
685
1993
9178
8930
7930
7301
3753
9460
1087
893
1777
5888
4125
6505
1959
7210
2114
646
4438
6773
9813
6601
7639
10596
1352
2527
7071
6768
1553
7801
3849
3116
2975
2312
8915
1594
2143
8395
10473
5429
4387
6025
9369
9693
3557
4008
9733
299
2138
7622
10273
1121
9544
4496
10342
3873
4497
3881
3939
2839
1337
8145
3355
3444
2445
7015
4069
6537
8052
3286
3764
5717
3721
9073
754
1839
6501
2943
5348
319
1759
3103
1584
2590
1924
8776
6806
9897
8116
2230
278
8659
751
6950
1936
6525
9995
1742
2038
6105
1048
7402
3018
5119
3145
6280
544
8614
6286
9571
2161
3985
3642
8453
1108
8035
9798
425
7069
307
7901
9013
8090
1409
7941
7316
3665
7250
5708
7891
9170
7200
1784
2766
9277
9529
1771
4283
7262
1216
8255
921
8178
1748
7379
518
4493
10605
9849
9984
7973
4900
626
8660
1400
5866
2103
2617
7230
5988
3691
7248
904
6080
10486
3435
3690
5881
1665
10154
3039
3711
5539
3633
5764
7791
2579
2685
3566
10455
10490
6510
6241
602
10185
6264
6029
9419
9995
2527
6086
6709
2812
5732
6048
89
5808
1430
1048
5678
9174
1507
8739
3991
5013
10660
7176
9142
5427
9586
2972
8912
10297
2442
4320
6013
161
3197
9019
4741
10176
8667
2324
7014
10229
7923
1219
6996
9688
5114
3700
3765
2847
2415
7966
1196
4222
2959
5966
9403
5609
5334
311
9742
847
2072
3415
5702
9067
6746
10048
10645
8267
8994
2912
1681
7747
4612
9525
7218
233
3386
1876
4331
3173
7644
4928
6154
10039
7707
392
6453
2879
4690
8558
5029
2231
9542
3930
2391
10292
880
8801
2730
2637
183
2030
5512
9451
8821
7210
465
5613
10789
6844
6344
5140
6823
9464
10595
8577
3279
8463
8253
5300
5670
9986
1756
10902
5714
2149
1328
1823
1295
2293
1850
4718
1984
3638
10862
4806
2360
8797
7844
10812
4785
4082
8562
2382
7091
311
7254
361
9280
7441
2745
3550
8645
8350
1029
7181
1918
1250
7839
3356
1404
8737
60
1234
2223
9684
4482
1546
4860
9388
9233
3913
5638
9217
5576
8901
4945
4688
5162
5991
4822
10941
7548
3952
6281
3648
7343
3978
4378
3090
9554
3786
2428
5169
9350
8839
8157
8998
5408
5477
2226
9325
7292
2548
4905
8475
149
5606
10398
8257
5611
9700
8042
3898
10518
9393
2299
604
7596
3188
2738
9650
10722
7449
2198
9958
3638
7869
7690
6101
5555
10605
9844
8113
3299
2137
9150
4829
4150
7116
10107
5197
3667
5870
680
10040
320
2786
3067
1174
6912
7852
3903
4965
10778
10367
2289
4207
3216
4487
8065
7331
2635
5642
4882
2267
2727
6658
9534
10188
3754
133
5478
6132
8472
7326
7740
7205
10655
8504
8184
3495
5543
1746
8850
1623
8252
10487
9498
5939
1986
679
5759
251
9907
9150
10412
7069
4171
9983
6311
638
3380
3843
4649
6114
6246
4351
7518
2871
6299
4467
5928
6312
1715
3744
331
10941
818
860
2768
5585
9647
6077
10932
5716
8844
10511
4460
1484
4134
4826
6902
7975
3981
3043
8399
5320
164
2314
2642
7144
2146
7522
8571
4241
11097
1601
3310
5399
2424
10379
7992
7085
9077
5398
5323
4996
655
2244
7040
5101
6979
3374
7893
9691
7772
1824
4949
3746
2145
5094
2514
8508
5724
10720
7037
2290
768
1343
7317
3882
9197
10995
8764
3211
626
6673
1281
8582
7047
10281
5389
228
3404
8240
5272
4655
537
6090
2076
840
3051
2212
8392
334
7210
5537
8777
4066
2185
8800
369
10165
4528
6101
10713
5350
3961
4052
7081
6037
6437
7829
10263
398
9680
10722
6397
10670
222
8595
9073
10800
3853
77
2173
2422
2602
6661
9798
11035
5845
7150
1615
5786
354
7316
6925
8183
9001
3727
6028
5430
7266
730
6663
6116
10682
5361
10971
2635
6677
6253
5815
5839
9636
2411
1676
4471
5758
4170
4408
5115
7479
9809
10451
3399
7981
1672
6368
5310
10409
3223
941
10283
4889
6494
854
125
6386
3032
11049
8228
1602
2600
9442
4069
848
8527
9263
5605
5630
2709
6687
7165
4934
1252
3273
1485
3637
7204
3497
2794
6355
10789
8716
11186
8299
8190
9152
4659
6443
1705
187
10771
7622
11119
979
5116
1107
10645
10361
3279
7306
5513
5391
6990
10465
3554
7802
8675
7452
8443
6866
1734
10022
6216
527
8103
10682
9245
2445
934
6843
5101
9244
3262
8752
6743
2296
503
375
7469
1973
8138
7040
6631
2564
7284
6627
1612
8821
10133
2788
4335
9100
981
1854
5280
1158
10904
1739
9640
6849
9069
9782
636
8378
4498
5942
1036
11279
1995
5261
3368
5707
9541
5068
7879
5720
4388
606
10463
4998
9951
9373
4347
2664
5424
11426
2113
5524
5942
11133
449
8327
9428
4693
6421
709
10396
8314
9759
1618
7292
6501
8936
10378
6687
9565
6377
7721
8985
7016
7062
2561
2591
9299
3575
11117
11109
4905
10045
3419
1731
3425
2475
11067
9553
3582
1717
1346
10859
920
4527
1110
6725
1073
6560
66
7070
10220
3152
8892
10852
6839
7743
8743
6223
8619
8912
10974
7704
5653
63
3084
7123
9678
245
3886
5947
11239
3878
7143
2685
4238
9585
4492
6962
4595
9839
3939
6044
3579
4557
10035
2577
2636
4302
4202
8890
7512
2910
5781
6584
6022
8685
2667
31
1676
6718
455
11258
9657
6381
9042
5549
742
6470
3234
1513
5549
5021
2305
7459
83
4634
2486
8673
2306
4067
10364
11252
11494
11414
1556
10247
5159
4329
8401
3286
4430
19
710
2149
11357
1710
2426
7362
1573
1107
8164
8162
245
6408
8502
6224
7722
2060
11573
9843
4110
9145
7595
6586
2711
4391
6221
4484
3716
9837
952
8941
8457
156
3100
9358
9283
5835
6687
9104
1945
10577
8867
6052
4545
4964
10186
8372
4712
1772
5245
3598
6790
11319
919
6885
19
2017
6915
11144
9036
9729
2416
2096
6551
4606
5836
8544
4021
8078
8223
8361
9456
9888
6389
10853
10628
3368
10134
9125
7649
6012
11008
749
8345
943
482
5747
623
3097
907
1405
3784
3945
477
3095
7799
9815
10906
11570
3330
11331
10086
2834
6706
1599
727
3144
1057
10200
3278
1125
10662
3524
5723
10066
2630
10103
782
6635
2872
7585
684
10404
966
6740
3202
2505
2379
3257
152
4555
6699
3847
5689
3864
10957
5515
10150
9786
10710
207
2095
8192
5329
11690
11228
7715
6576
2463
5467
9030
2116
1207
716
9473
7576
10775
9292
3071
9492
5601
6282
7482
8751
3541
2715
8657
1231
2768
4577
8820
3286
3773
3954
9781
11068
956
8559
8385
4735
7989
3286
7573
5587
7071
5972
3470
4315
739
4969
3774
998
7805
1875
4148
3313
5867
1862
7066
1216
1287
10263
11500
4827
767
5245
4866
10369
5793
6692
6412
6881
7005
7258
1392
7677
2999
1384
5912
6811
10881
7450
5333
4055
2748
2110
1082
7005
6953
4438
10876
4855
11189
5711
5946
10513
925
4224
6474
3537
5270
4763
4507
1482
8051
5039
3414
914
10073
7959
8428
4522
1389
11696
11768
1119
10862
3276
712
10423
8966
6274
3389
4505
9481
7035
3264
2401
11559
726
4910
11792
6837
64
11691
2334
9645
6058
9525
9364
6453
719
1028
9354
4339
6435
9106
7527
8542
10869
6664
9224
4666
8624
504
5106
2601
8111
4452
8786
6707
2433
87
9197
1524
141
6258
10112
2193
8685
821
7874
7148
10167
4513
2499
2721
7832
7884
4988
9337
1200
9059
4761
11050
4684
5563
7605
2910
11429
4353
6532
10892
2519
5499
6856
1357
8900
8842
12
6704
1453
1355
640
10712
1140
5185
11369
2184
2078
11715
7102
6000
5548
11724
179
9066
7462
4295
10238
10225
10616
10769
9126
8011
2809
4630
4295
7448
3965
1435
4650
8887
4112
10301
10678
3331
8383
3705
10366
1378
10649
1482
9433
672
5120
2146
5148
11416
11845
3756
6461
9803
3613
6663
7065
9663
834
11535
1592
3353
2101
10632
7051
1241
9206
11443
7621
4046
10740
7738
5704
7901
11573
1303
6627
8906
896
7402
5822
7893
52
8559
9393
2098
8706
8758
11779
9190
1132
2400
566
8065
3452
8286
9474
4597
11917
3854
1006
11598
11209
4694
826
6981
3800
6634
3222
11587
2974
5251
281
10755
3004
4196
9388
1915
8677
1709
6026
1989
1720
9783
11371
46
4611
2770
10941
1975
10925
3125
1298
10493
1437
11293
11272
3662
1722
4369
3793
7077
2888
642
4024
10622
1835
9062
3816
7634
5344
10997
3228
11174
11396
3665
9454
7225
2187
447
8193
2850
8725
7791
1811
3572
6072
563
7106
10081
5944
5669
7631
4123
9463
11409
5080
725
4953
7777
4818
11875
126
10915
3548
1584
3352
845
6312
7536
9208
8262
4174
3443
9886
6649
9429
9469
9603
7183
6695
8161
1056
6952
2361
1948
12103
9028
6252
10818
9784
5746
5619
9390
812
8640
5618
2986
1998
7595
7209
871
4414
12086
6522
5471
6586
9494
2830
10811
1398
2118
10957
8890
11692
12084
1446
5020
6217
4
11001
4525
11409
5727
8087
2290
10639
8012
8266
735
6960
2230
4090
10534
732
9399
3382
10727
8858
3685
4548
11499
5469
8102
2569
10394
1745
8234
10824
8111
1896
3598
11931
11746
5952
6148
9083
2833
10272
467
5350
1049
1513
6686
8028
4898
5802
2936
10360
4472
11347
5675
1983
459
4854
11149
131
2690
5000
11853
11452
2659
5590
5089
9900
5760
3052
9423
822
3118
7327
10831
2168
10800
6244
5797
10084
2902
4578
7689
9037
11894
6766
4917
8969
7196
8365
6380
8522
7690
7135
11902
6332
9250
7436
9746
7818
2950
7631
976
5334
8632
1181
1182
2981
1807
8586
4776
2111
4382
9707
4550
6292
7556
9782
11432
1982
154
4199
4229
10727
9616
6416
3065
1461
5772
8851
4054
11005
8159
4256
11782
8577
8139
3763
4978
10471
8082
10442
919
10517
4463
1916
4842
10751
10444
6096
9523
5287
524
1149
6815
8984
1705
573
5449
10436
1152
5185
10986
4932
5569
1930
3303
3558
205
3320
8883
2777
8343
10760
3777
5213
7197
6565
434
7076
10922
623
5044
8899
2478
2427
4053
6804
9062
8882
6436
2207
6684
7632
518
10130
3966
53
986
4927
8948
3986
6485
1266
3998
6928
9391
8206
6035
8632
9371
4753
4914
7827
8370
148
9919
2847
9821
4027
11665
5967
10540
9885
5098
974
11965
10469
7999
7250
4651
10790
5113
8526
5709
7424
3406
11223
2803
3339
2964
5858
5924
2933
5379
10345
3775
6830
11030
7285
5208
4334
9113
8466
6708
4943
7034
4001
12324
12294
10241
6580
6395
6185
2711
2289
3173
864
11499
2642
11556
9026
11766
7044
3957
6840
9544
2530
10233
7613
1712
9038
7731
3500
436
7047
948
4669
9854
6177
807
4201
9224
7863
1326
3922
12012
1768
5050
1658
4544
7866
1962
6038
3713
4400
3457
2267
4551
11701
12258
10582
1980
3161
4197
10771
7214
2134
6921
2162
1538
4700
5651
10896
2071
9347
3921
6731
3253
10523
1200
11590
3216
6349
12153
6695
6395
7530
8992
6803
9631
1958
4238
12447
11399
212
10440
4173
11806
4893
2999
6541
3389
8418
11031
10923
4376
4198
7118
11699
10502
3799
9164
12404
6889
8777
3015
2329
3474
6408
3932
4028
696
12131
10661
5787
10877
10532
4901
6182
2247
5678
2908
6527
2054
581
4362
9997
2772
12153
1201
10602
484
934
11318
5127
5358
2704
4847
8125
9458
5681
7543
596
2506
4570
10371
8077
11594
7639
2347
10240
11607
900
11655
1759
12417
11724
8165
5620
9558
4926
9393
4734
9654
6401
2650
2025
3698
6626
7210
482
10053
9185
9320
2814
2904
2221
9698
6021
223
6870
11431
12324
11921
8605
10300
11567
11691
9605
5009
5774
6850
5279
12402
456
735
6499
9012
7105
9965
8167
1550
9294
6682
5171
1305
6290
9882
4656
11419
4684
2725
2427
10757
8102
3465
4014
9658
5073
11068
11345
3648
7572
5930
8615
11068
5665
7201
5959
962
734
2719
7035
11275
10872
8974
9672
6038
11282
1639
11407
6564
12560
1727
5691
5793
3423
9335
10360
12056
2393
3693
3061
8684
6741
2429
10792
11085
170
9142
6553
9809
7944
2731
9492
6426
11563
6408
8514
3136
861
753
3218
3969
10360
7499
11999
1276
7274
8443
4569
4608
1047
11635
8470
8268
11124
9568
6035
1540
5606
4590
3490
10493
5911
784
6128
6186
7035
9406
7680
9587
4533
4661
1396
4549
12306
12155
3402
9986
2189
1963
9051
9797
6930
1543
8048
6255
10105
10320
7225
12586
835
9210
10574
8810
1967
1492
2776
3832
2801
6701
864
4084
12661
11586
9732
7861
4553
8684
1246
8339
12376
1353
12026
9926
2200
12444
2896
6209
10011
2642
5101
1696
3506
12003
5862
12254
9219
2458
12340
10888
7395
1920
1870
4249
9004
1471
9322
6624
5760
11794
11169
471
7357
2733
2491
7709
11295
12214
10076
1054
12488
2419
8329
10965
2998
3419
3538
343
12101
11473
4732
11022
6577
4486
7508
10045
9884
7532
11060
2642
5664
665
5460
9757
5006
9071
3774
1461
2263
1515
7192
3860
4576
5711
7810
3575
5232
11763
7832
8053
10240
7870
8157
10635
1249
7749
6581
1425
1390
6919
8899
584
6933
434
3971
2242
3357
192
6500
4347
5258
12527
5522
1538
2320
11384
8300
3371
11172
7110
5493
9382
637
8189
1120
10027
4996
8498
4409
2989
6716
4246
7255
5853
3641
8139
4022
10602
12161
9934
1763
8130
9727
5890
9673
8661
1345
1973
2878
8247
10819
1281
5558
3542
1831
8295
3249
6842
287
11633
2072
979
3775
5655
6457
12164
1172
6131
11136
1444
2673
534
249
5824
7072
8979
8722
11051
4965
1995
1716
6337
6279
1972
9033
2523
3633
5799
11037
6937
2246
9580
3723
350
6333
7198
10465
7132
6907
6665
7613
2189
1560
6036
10991
3831
7053
9484
8998
618
12552
3692
2523
5971
7192
8340
10893
8032
4855
9863
837
11196
8867
11749
2564
4948
3029
2347
10453
4095
3856
2048
254
685
6906
4904
9979
3516
2198
12730
7334
6001
10622
5357
1361
7702
5566
3525
456
10383
852
5267
234
6095
5962
4505
11068
7739
2669
747
1568
3052
9268
8487
8590
5718
2741
5586
9742
838
6372
7574
5216
359
9365
3571
6682
9507
9644
10661
2715
9987
10452
10893
5254
342
7011
8183
2918
9994
7181
8484
676
11534
8085
8309
5568
7367
8955
10747
8253
12101
9489
9255
8231
9273
6290
4730
9263
5834
7751
4827
8765
7526
5575
1579
833
10940
4653
11961
10823
11654
3423
10955
10994
1440
7471
1770
6327
9001
6503
12730
9138
8204
3957
7280
7736
2579
9202
105
7359
9799
12231
5637
4496
13052
12131
6305
10255
781
11959
11729
1325
9152
4894
6390
2807
9614
5229
5556
1747
8625
5052
3735
6650
8700
4556
784
10754
3847
900
11704
11038
7841
2308
11059
9299
3271
9009
12219
744
22
3230
933
1143
11666
7918
2148
5857
4213
4047
8471
5584
11657
11791
2755
11553
7747
3110
9353
572
9498
7511
2193
10193
1989
12345
2117
6872
4070
8529
6496
5421
8548
12477
9974
11829
3316
6316
688
12824
720
5423
9787
12068
2269
12379
1853
9066
4741
7452
10342
7541
2384
2340
3489
4074
5107
5120
8439
6519
12864
3820
7875
9659
9498
6463
7664
8295
11060
5107
6217
12032
7077
9230
8791
5654
12438
10268
698
6258
6987
7547
12687
12603
9449
1821
2909
3537
1051
8368
11777
4023
8848
10042
3552
2586
4782
4497
1444
5746
1313
12233
3853
7034
6061
12495
12018
5025
4984
6534
7337
531
6574
7307
9828
4871
5116
7579
11875
7448
5440
990
108
9348
440
5262
12496
7151
9248
139
110
5272
10644
3487
4447
6799
5283
2481
8776
8492
7145
227
5678
5806
10301
3936
6736
2041
978
10279
1021
8701
11793
12887
4072
2097
6671
11999
7411
8002
4547
9022
1288
6715
2868
1699
8829
962
12701
131
10788
9221
7983
9925
9150
11593
264
9244
13146
8631
8379
8106
11110
12459
5172
3388
10614
11011
11491
971
11033
5653
6719
8916
1861
1797
6756
5856
8253
4233
4180
12426
4661
4713
1336
7954
2734
2420
11097
11820
4671
3627
4800
12717
2631
11218
8234
7116
10563
10144
8703
10910
13110
3576
1721
6469
6935
3155
12186
12331
1842
11842
7918
8553
12971
13218
3645
24
1721
6994
8311
5171
10003
10402
11212
6877
5948
5740
3654
6548
9812
3666
12297
13300
8452
7267
938
4408
2872
9637
8488
10845
12537
11375
1112
799
8769
1845
10357
2371
5866
10918
3538
2149
240
8999
9766
2544
6945
3336
4461
1496
12748
4737
2638
6038
5657
11194
8301
4850
11945
7560
4902
13097
3508
3528
12022
7015
7944
4709
11299
6871
4931
709
4585
3819
4287
6576
1198
5544
631
7588
4230
6525
2586
5992
9490
2012
7
4322
4961
5283
2938
12295
10942
7642
7311
11678
5181
4529
12810
6413
11544
11524
2393
13273
880
2083
578
7125
9045
13222
857
4444
7230
4197
12275
8254
6377
6278
5721
10306
7836
13231
8889
2488
1352
8099
3252
1347
11781
7906
8470
8323
6829
3606
8002
7679
12564
9670
11030
4170
5445
1944
9777
10040
6251
1462
8273
13435
3860
3917
5018
6524
5204
5699
6722
6723
10103
6702
13109
13181
4333
3251
5687
5816
12536
9247
12061
3960
760
3772
12657
1441
2757
4476
10598
10017
1706
11915
2157
11207
221
3835
935
7371
3597
2271
4047
4676
7948
1752
5467
6813
6430
4663
2708
6592
7482
2461
3380
11178
1364
1584
10036
378
8433
2073
2423
4024
9081
12951
5458
8653
2633
4883
6133
10047
11671
12607
9447
4420
1081
3627
7913
11133
421
10641
5296
8076
2892
8822
10796
3259
2777
113
4563
4135
3001
2723
11396
1397
13439
5459
11064
6519
9109
4164
3959
13429
7228
5932
4816
11046
9180
7666
11739
782
2625
8544
5260
9962
13536
4103
9846
7039
11245
3326
10221
8755
9623
3232
5345
11087
9246
13360
7999
3221
4631
9015
11990
9926
5491
2016
7347
4409
9106
10966
11761
9032
3036
12700
4708
8900
5084
10367
4989
5568
184
8825
2088
6929
1196
11034
6949
303
3948
4873
12546
8781
10148
13423
6541
3326
5742
4674
12291
4670
4016
4104
6450
7740
11384
10036
10141
837
351
5870
8703
5829
12780
8772
9106
2051
10067
12358
7193
900
3921
7827
8381
9215
7790
9374
12850
1550
11719
3597
12191
10827
3390
11292
10309
1360
1329
2967
13646
11350
10979
5511
3638
5824
5091
9861
4127
9373
3706
10635
6521
11361
9999
6394
2242
714
9799
8562
8888
1292
10714
13112
4766
10269
9205
911
399
5230
10170
8328
4011
6422
8242
4112
4414
12772
7708
12119
13465
11014
10025
11019
1618
78
3383
8170
3850
10685
8085
8009
7064
3946
10520
11671
11610
9239
5145
4357
11132
11429
8539
1924
11457
13739
2948
4666
1129
12132
7924
1624
3041
8897
6840
6917
3241
11208
4889
9520
12109
6759
11382
3575
8962
12815
9798
8459
10227
11078
1207
8596
10498
11227
2035
324
13618
10160
12899
6659
614
659
7903
6147
2272
2217
5867
3015
12359
11325
12344
9906
9045
8311
1373
2121
4676
3327
94
9996
13147
8156
11976
5779
10561
8701
1462
4165
3044
5332
5938
326
545
13320
2163
1788
5203
2211
6784
11244
4112
3589
2524
3168
11865
13310
5240
10258
12822
12064
4531
2366
13003
10935
3384
7611
11165
325
12462
10897
4471
10923
11527
336
9748
12453
6904
8214
3178
2773
10701
10024
779
7750
3885
13558
4425
716
6763
8051
10398
11430
315
10515
11670
7631
10650
5118
5613
502
4388
2352
887
12999
2960
13853
1949
4993
469
9057
197
6474
4952
10057
13393
8499
3118
1461
2424
8323
7486
1447
9104
11869
3033
7684
6053
11951
3562
733
297
5194
3422
6772
13285
2120
7087
9100
12946
217
10380
13374
5943
9375
9480
7284
1155
1300
12423
12156
1661
13748
7523
1725
174
6212
6428
3285
2925
3698
5973
9621
8734
2746
3904
3712
4728
12650
191
11425
3199
11777
5718
9555
237
11219
1999
3902
6164
332
4006
1898
2515
9272
2622
10110
8817
9189
10144
9740
11371
5072
6154
2943
258
11415
11569
13272
244
6169
4948
6746
755
8427
3582
3218
11422
936
4743
1799
11080
12289
6733
1593
8129
3550
8954
11749
13853
13983
7440
1263
2367
10251
11545
10730
4760
5269
8546
7583
8225
10217
6750
5255
2031
3161
14021
838
4104
8788
8959
12565
5207
12886
624
11134
9908
299
1734
10318
13584
8947
8359
5853
3490
9205
1324
13766
10229
3682
189
352
13913
11144
1638
9685
6788
7463
5821
12346
5029
7144
10195
579
9044
5655
13814
7873
10422
4157
6385
6105
8270
10319
10017
10124
1999
1469
3221
1366
212
1573
12308
6247
118
11429
2371
1439
8092
467
13639
427
12336
4793
6086
13800
3225
4854
8683
10289
11148
1913
13421
3168
10823
4323
5166
2488
484
9143
9696
6026
9714
20
9883
7580
13649
3924
11498
7071
2181
10386
8531
10719
7385
10132
13750
7400
7446
3823
7192
6317
8722
255
1802
9260
10563
4873
8053
12607
12061
10579
8828
9053
4960
6470
9653
4730
9574
12026
13194
11871
12100
13357
12536
6578
9526
11448
3136
3859
14035
3777
1960
2791
7357
13745
10255
328
11109
1099
8223
12889
4874
6217
11963
1695
9415
6729
279
3243
5132
11873
13695
11377
9098
12442
3234
4625
1956
8099
1784
12972
5713
8928
4734
4179
9316
11476
9656
7717
12079
3738
6647
5342
11948
7108
7898
6878
3102
3867
7090
997
898
12981
13048
1961
4726
642
9311
7465
9367
445
4646
5706
7741
10606
13270
3114
9994
11507
8236
13818
6375
4473
11746
7759
9309
2237
12545
4911
4831
8931
12736
11569
7404
11085
12875
6058
9302
448
8804
4469
4668
7761
10344
9715
8263
5803
4948
5311
12061
10557
9114
3782
9
7373
12982
14172
5999
10559
7325
9943
11609
8921
10396
8083
6758
12335
7857
11614
332
224
7978
922
9704
4991
1965
9449
6759
11101
1383
13445
10130
8914
6894
702
8947
9566
13136
1752
13193
6492
2408
1844
4261
6519
12152
1826
8319
1048
12317
2629
10470
8447
1029
3015
7670
8740
12722
4587
10017
2197
9560
12893
3877
283
10311
5277
7620
12765
2129
14290
13579
12064
2661
10621
12805
2151
9089
3637
7851
1869
3812
5997
7669
7341
13311
7584
7870
10260
7993
6448
1925
2449
13085
5037
1845
3538
5434
961
9728
5715
4680
4060
6278
9253
4664
3477
7742
8437
7387
5638
8672
8135
7084
3772
7987
11765
293
5945
7952
2567
122
5386
10118
8734
5659
13286
11796
7419
8054
7583
7910
58
417
4121
5606
7857
6599
10484
2758
11327
8930
6809
5416
6821
7095
11615
9241
2179
5123
8606
1882
5145
13559
14010
11843
4810
1898
4940
433
4433
4635
6945
13506
1792
8724
10567
8116
13462
9048
13733
9345
13529
13924
2122
8693
7683
1671
9249
4827
12197
9981
12077
9206
9221
758
6047
6435
935
829
13572
5984
2585
11573
1575
4997
1682
10881
10197
14176
13400
13678
10314
7677
11992
989
2885
6416
1881
14013
2226
12933
11150
7778
14213
12157
9861
7855
9488
3160
5874
7895
13679
6671
10440
6615
12382
12735
10157
14417
3759
2869
3949
3860
10025
6270
708
6213
4266
7541
6220
5385
5681
12876
13213
9142
6764
621
845
2486
11143
6704
10207
2238
11051
6777
5910
10678
5685
10114
13465
9719
5355
4156
3599
9442
2779
12707
12949
2969
6559
10761
4896
10465
11717
1543
6449
11669
2152
7710
3875
8327
4281
8554
4620
4471
7868
4365
4674
9508
13348
418
5595
8674
11050
8993
6156
9982
1448
11044
8688
7984
4360
6814
7631
1857
5748
2298
12172
670
6161
14357
12016
9691
11811
995
8810
3358
6261
4060
2588
13008
13317
6851
5418
10893
13960
14171
10844
5040
6236
11427
12179
6777
12964
8578
1879
1889
9439
9848
14253
3336
9877
11338
5997
12343
12110
6437
1626
12343
2734
12447
4480
6226
4935
5787
1046
4968
6631
3560
8458
12293
11670
5031
1122
3332
3052
619
9595
5418
2453
11866
3310
3379
11528
3108
2752
9127
5372
11651
12230
2582
9945
8654
7844
13541
14205
312
18
13592
13422
2268
1589
2454
12610
10318
12304
11292
11882
1047
7552
5024
9799
767
1052
5080
11336
6820
300
4073
3101
1141
9444
11593
9978
10913
5156
5151
717
6367
9917
9002
496
8364
4580
12119
11771
5050
10774
11808
5958
9785
8874
615
5319
9513
13934
458
11438
3728
3112
3561
2360
7808
924
8658
4381
1239
2879
6706
2319
13571
12946
3532
3072
127
5692
2472
2265
7455
11607
8904
12717
5577
3600
4200
12842
1297
5843
9095
2090
3684
5526
11336
11175
5506
1022
6387
5237
6532
10862
8841
2306
13149
13749
418
9923
10046
1305
688
12611
13016
1443
4921
3711
8821
7854
1340
7598
953
5435
8964
2987
7246
12949
9038
7513
507
9588
7439
5006
8785
7123
12628
214
8694
4360
13338
14048
1633
10142
4708
13539
12425
2018
11239
3167
6022
6027
12113
4367
11817
13089
13250
7627
7876
10689
10616
14356
9052
327
12544
14481
6257
7153
4627
9561
1607
4601
3581
3827
9226
13651
8532
3653
4827
13377
8412
3918
9822
7947
8891
10235
2351
6759
2259
4815
9399
8795
13042
11529
1621
13930
2993
13444
14209
8160
3098
6031
564
7533
11217
10698
1197
7014
2447
6679
6814
2089
11742
1089
5614
7459
1164
9983
8511
401
10988
6564
12635
6982
7470
6751
7270
1877
14727
2706
9720
13892
13863
1819
13948
5126
10512
10753
11518
4009
12626
246
2556
3112
6943
1125
376
6641
13856
2456
9542
13629
3348
4226
14119
3751
14770
6137
8811
13759
1867
7789
9389
3536
12820
4758
13377
3968
5780
8717
14683
6767
11930
6745
145
5815
11989
8370
3928
4031
10178
2455
8183
5016
13990
1130
12318
11020
136
685
5630
6462
9068
13602
11234
8230
13173
5579
6594
3055
4048
12975
881
8114
5078
14462
14417
2750
2117
7094
8251
13975
8116
2447
11904
3556
12168
9133
1566
10501
11989
5098
1298
1335
3711
8962
11610
4058
14175
4600
13548
11728
7459
11328
5943
2953
4072
4623
9519
9171
11745
8842
11217
4607
4921
7927
7299
14535
7768
11623
12760
14289
11825
14007
8285
8519
8315
9147
375
4388
3275
3742
615
11241
1362
2494
10140
7600
5457
3327
13582
2908
5878
3335
8232
2978
3887
13434
14046
8728
3831
1400
6785
741
9275
9274
6595
1609
12993
11134
7742
4150
4425
13697
12498
4678
682
12904
3221
7279
13259
5739
11641
4179
14434
302
14542
2678
10089
11255
7847
1835
9231
7786
258
8485
11804
12827
12402
6887
2795
2499
1505
11726
464
2026
12984
10490
4210
6206
882
1132
9664
8552
86
11374
14942
14782
7751
7811
4636
7730
10161
590
9431
8354
619
12431
1946
13957
5123
2128
10340
2852
7548
3126
9575
4437
10334
5516
4432
6915
13268
8634
13143
7173
10221
13730
9428
10927
10472
330
13698
7726
5934
985
11934
1801
9598
2344
12592
4348
11252
4850
9480
162
13187
10488
13781
6638
3515
372
12597
803
149
7042
14492
10450
3533
13072
4441
13382
6801
5834
13240
1645
7969
14860
4016
6520
2269
7429
10111
11256
4196
14099
13095
10424
4820
7271
13791
4633
12621
10851
12736
4600
9390
8787
5856
10059
4557
14362
12118
11235
7747
12051
1975
7175
4022
8358
11553
6580
11207
13699
9403
11002
11871
7443
10902
8563
1787
12719
10319
487
8799
6938
2355
6682
1415
13627
10267
6769
3070
4992
63
3773
7936
10115
13385
7603
6696
1747
5853
9086
4354
2948
5575
6180
8381
10889
8687
5773
12279
692
8262
8909
8398
14810
2934
12006
4952
6604
3443
13403
6765
6058
9183
10828
6784
9428
2028
7392
8800
12569
3212
2281
7875
4924
14082
4214
12860
7247
4136
12107
12806
9186
2154
7585
7677
4872
13783
13926
14348
7648
3074
14344
1661
4991
11972
10823
783
2618
8905
7790
12623
8400
3056
8868
15266
5703
12202
8303
11404
12350
6685
8385
12895
1169
6656
5745
14779
13350
2218
12161
5643
126
7779
7693
14406
2011
1813
13873
4198
5351
15064
10537
7186
12060
7542
12485
8453
10477
262
12298
13122
13115
8482
14662
5786
10723
6473
11976
10495
10489
9985
824
10494
7274
950
8819
2153
1227
6005
3390
5372
11976
3143
6782
5235
10365
7920
11630
12176
13473
9280
10568
5087
7040
2666
512
4743
10382
8982
10967
6482
8809
9720
3874
7481
10043
11636
394
7781
926
2028
9353
6457
7702
10545
1412
8891
13463
14999
14009
10491
12294
7310
11460
9359
6867
12038
8759
10129
1690
10079
11116
5420
10866
5266
4151
5995
15228
4956
15071
1339
311
103
6670
2787
14914
9059
2496
8842
12789
13122
12275
15274
14185
1772
14359
3240
6717
5281
6087
11981
7905
6664
10038
6879
3284
5471
2173
5010
3063
6910
1311
8693
1155
9718
12188
14841
12020
1164
311
14582
5418
9604
8319
14152
7569
3961
7048
1978
1864
10764
3084
5795
5126
10740
780
12086
10040
2563
12924
5366
11823
13368
2577
9378
1558
590
10333
15115
6420
1131
14237
4392
14123
1145
1992
10832
727
2231
12850
10540
2772
3098
14785
11899
7629
3711
9846
4890
15209
5626
1743
7908
13321
15244
15254
6079
14297
5181
2100
7401
8973
6848
14987
10177
7385
8644
3826
8687
8175
4184
1385
4788
7217
15476
3121
11760
13055
4978
12267
12749
10753
4630
12393
13574
7775
1152
7920
2777
6488
14654
11799
14267
11912
10500
6734
3283
14047
4536
2890
8136
7878
9093
452
1507
6594
4376
10029
5348
4055
8986
11622
10434
6540
2591
13743
351
5688
12873
9524
9100
9794
9633
1347
10271
15243
7365
8850
7869
10349
272
11121
9841
12001
6992
7030
5475
8104
9656
12246
1196
7143
12899
2623
695
15469
2167
6507
7298
5233
7347
7700
14736
14614
3150
3588
6878
10133
6506
8831
8616
6767
4273
12877
13910
4451
5928
674
2050
1895
5982
7774
315
10705
8380
11983
11051
10407
8855
13643
13780
6506
8209
10299
13111
1426
11070
10340
15519
3215
55
6259
6635
14759
7754
5718
14292
10939
1593
3212
5338
7769
2597
9306
14480
8044
7321
12537
1961
1012
107
12216
12449
6555
14056
2809
95
9294
2451
2118
8740
15426
9964
7125
14059
12169
9597
5639
2139
11797
12996
9484
14948
188
2488
12049
15506
11037
924
15024
14778
11527
11633
12427
14471
5877
3416
8385
7328
1934
1374
1025
9883
1979
4219
2370
4331
5712
2745
4610
7751
6285
8545
13212
13474
13012
13460
7192
513
3431
12841
1299
12436
11958
8473
7075
14677
6868
11011
13667
8697
10057
11712
10377
4025
8928
15352
5091
5255
10716
13810
7560
12606
4653
8891
8506
3322
4837
11708
9164
515
13276
11466
10610
13897
1859
5190
1714
7538
13012
10141
2433
8415
5405
4240
13133
13291
2956
3703
8571
12999
3042
3637
10868
14621
13884
2154
10565
2941
13552
2503
2576
11140
5623
7993
1634
14846
8250
3787
15588
6410
115
8383
4461
10536
7180
1701
10856
4200
9659
9761
11639
3107
8945
4608
116
14226
3438
11832
8625
519
4220
4436
11747
12935
2368
11170
11845
12378
11300
11339
954
10354
3894
12022
4892
4461
4541
4872
11532
405
12596
12703
15783
11583
14387
14763
5761
15635
8170
15359
7961
11079
8533
2021
11380
6916
1915
13659
10645
13050
6315
1996
9855
7159
6729
5318
7763
6337
1921
12646
1943
11763
5648
10775
1576
10969
14724
12843
14297
4796
8877
5247
11928
5245
12788
5299
14319
7379
15553
15600
11804
3122
11164
1714
8303
15859
12804
11155
11327
12543
7619
14733
762
10825
10330
8023
15144
7172
6942
13836
1923
13447
12435
2868
8020
1281
10447
8899
8721
6967
13044
11454
12860
1990
7269
13903
37
14537
10028
11564
1121
12014
15086
15781
373
15720
10949
12510
2938
6585
67
9174
4052
8486
14978
14153
8464
10471
770
13464
1071
13186
6671
11087
1578
573
5513
782
6378
5599
10898
7433
13399
1619
12968
516
7816
14679
925
9368
2879
15050
3261
7346
3376
678
12106
11598
8859
12918
1083
15055
3461
7082
13544
12092
8699
12648
1471
4843
11752
97
11712
9144
5212
14930
4627
14980
6978
9027
1219
3791
11852
4874
400
10336
15399
5341
5371
8488
7733
13114
7199
10747
6099
2278
7450
5176
2045
13580
5079
8365
1841
6822
15446
6283
8693
15011
