0
1
2
2
3
2
5
2
7
8
6
5
12
5
6
5
12
10
16
3
4
18
20
18
15
12
24
22
2
5
21
4
26
6
11
33
4
10
4
27
28
35
25
14
40
23
4
22
45
25
8
10
26
42
32
4
15
57
49
2
53
48
55
42
9
30
9
24
53
52
53
47
16
54
29
54
39
30
75
71
50
35
40
4
28
9
22
7
42
49
38
88
47
12
51
60
21
39
61
76
85
99
59
86
64
6
72
11
53
55
23
62
38
84
9
94
26
14
11
111
107
59
45
93
18
123
81
90
40
53
107
60
110
122
41
85
89
130
76
15
88
37
49
84
140
20
65
119
10
110
106
18
14
149
10
135
19
113
48
79
63
147
48
15
21
134
43
70
133
77
100
145
129
110
48
49
139
30
43
144
78
46
163
78
144
69
58
97
34
118
175
152
183
111
157
96
180
39
172
70
54
54
55
179
50
148
146
68
206
158
181
16
206
196
67
211
159
208
62
160
34
171
180
45
114
212
84
221
90
142
51
206
162
213
162
219
211
39
1
196
159
135
117
93
175
182
38
232
21
196
176
73
148
69
61
221
88
55
24
214
114
11
261
61
233
37
72
98
40
133
241
84
237
237
58
191
114
263
149
20
22
187
211
94
87
239
223
159
279
194
50
78
14
182
257
247
85
119
106
31
38
55
102
296
132
22
108
225
285
12
309
174
60
307
300
134
133
214
9
164
53
94
193
252
127
243
164
298
248
114
248
198
106
327
49
236
65
167
83
194
36
210
43
329
192
68
1
97
122
236
187
347
41
254
270
331
261
3
20
217
12
275
11
274
238
297
179
324
301
109
268
327
239
274
340
243
345
360
260
356
152
353
283
188
289
204
198
85
167
343
140
2
137
257
346
55
116
213
204
360
367
53
73
285
358
9
392
157
350
266
325
221
52
115
295
265
384
204
180
322
124
48
378
231
279
225
24
166
38
43
115
355
365
195
321
216
264
136
381
428
383
324
209
6
105
313
351
125
318
101
141
416
65
106
72
181
272
125
70
286
425
28
447
446
134
330
135
101
129
67
368
306
167
52
333
381
334
92
288
428
467
411
226
164
414
384
425
269
454
36
95
91
147
486
433
74
171
94
142
199
58
351
309
37
174
209
6
259
248
303
264
190
334
479
495
175
67
404
8
4
403
83
55
327
187
416
447
22
29
215
291
47
296
155
94
232
331
112
198
370
353
296
352
430
496
538
150
359
69
468
361
366
334
265
5
515
117
459
290
265
258
27
17
311
352
332
109
480
351
107
103
161
381
180
112
421
288
467
575
517
245
484
276
217
57
73
246
482
523
375
250
368
496
202
462
195
535
158
400
255
582
514
107
440
231
605
120
443
426
3
293
128
60
91
89
207
604
561
331
79
555
619
276
489
155
79
453
566
494
22
398
32
194
149
158
104
479
406
539
480
8
266
589
636
39
5
591
170
108
618
163
46
453
384
296
654
263
80
548
526
309
440
181
341
13
16
233
250
322
525
500
358
578
538
197
83
123
143
629
621
539
396
93
157
466
529
408
186
343
313
661
430
245
119
208
78
90
653
438
615
578
657
582
429
268
235
504
546
575
66
596
139
26
83
471
596
354
360
74
574
293
693
61
669
108
548
250
371
260
614
519
364
325
4
526
121
94
445
601
158
593
288
680
566
318
48
294
455
48
559
656
532
622
383
48
344
651
496
80
470
264
363
120
209
337
58
722
448
436
518
699
48
171
561
162
453
567
689
747
247
294
624
245
284
697
305
86
770
775
447
238
750
732
557
658
218
795
471
104
394
796
16
550
514
33
484
646
212
770
738
214
525
320
55
444
415
654
688
164
122
524
132
767
221
728
402
129
585
275
585
567
191
817
387
677
408
22
497
568
299
289
343
97
51
707
375
372
385
734
603
398
459
702
389
351
383
505
544
561
10
454
550
397
400
736
85
266
479
782
121
458
591
210
201
325
503
341
558
275
696
491
367
236
816
173
749
880
82
648
253
173
582
536
204
871
124
142
667
499
329
686
876
108
44
637
497
158
560
175
298
887
781
128
604
96
302
219
363
318
238
455
19
823
823
538
464
228
79
94
601
390
83
867
647
403
34
272
337
100
518
382
435
280
481
710
8
135
525
770
524
415
936
503
267
352
20
413
214
45
775
277
318
257
705
756
666
317
832
514
933
415
609
278
766
871
578
705
246
450
312
609
966
896
21
552
637
220
914
362
586
678
880
869
830
506
725
318
490
845
245
