0
0
0
2
4
1
5
7
5
1
8
8
8
6
11
9
12
4
8
3
11
7
5
19
5
8
0
0
1
25
9
27
2
12
5
29
19
16
16
28
29
8
4
25
40
44
36
12
4
42
38
2
33
24
33
22
1
33
48
5
20
19
39
63
2
7
57
32
42
47
69
20
18
67
10
38
26
73
39
15
80
53
81
46
62
16
47
8
75
6
9
5
24
50
41
86
49
60
47
75
51
47
58
21
67
27
3
67
67
10
74
83
7
15
74
32
103
4
35
63
92
16
29
46
109
62
23
125
96
24
45
126
32
74
80
100
126
75
125
127
124
1
65
11
14
20
13
140
51
57
141
133
65
144
71
77
90
71
111
18
54
71
0
145
64
30
102
72
30
10
99
30
53
78
147
104
15
44
66
175
65
33
72
17
179
162
11
88
119
67
131
134
182
38
86
13
86
86
9
41
189
103
11
92
119
118
57
143
128
4
20
74
46
96
69
109
214
129
64
16
65
75
193
68
103
94
16
58
33
18
116
108
230
163
138
160
148
178
138
118
86
227
59
71
175
243
182
78
187
227
51
51
12
61
184
100
146
176
155
122
66
83
63
7
207
44
263
15
9
259
147
121
210
220
81
46
101
237
5
206
210
21
171
53
164
236
21
251
200
261
86
21
286
263
10
193
125
190
70
210
9
151
99
113
101
282
154
254
298
231
46
238
114
183
220
272
168
313
241
112
184
278
279
35
51
156
159
175
141
189
200
320
161
229
64
45
311
29
125
18
143
294
33
313
264
240
45
207
129
287
103
118
170
73
124
7
204
320
27
241
163
321
297
67
89
297
276
90
129
318
282
214
280
2
365
272
367
200
152
90
242
33
54
327
33
194
171
99
293
294
166
161
360
325
237
189
375
352
194
12
165
308
22
326
82
388
245
19
104
84
265
405
30
115
319
343
332
199
354
345
122
399
206
407
176
100
48
231
125
71
9
90
406
183
51
232
55
22
336
346
3
125
210
173
147
407
118
107
273
283
73
195
164
17
116
153
392
336
253
406
236
460
139
204
249
175
103
113
177
145
383
470
152
414
408
409
354
143
346
410
445
119
347
22
131
419
338
216
269
264
443
324
53
14
18
95
114
267
202
277
471
33
6
390
439
202
393
188
230
203
177
7
70
246
478
6
298
469
101
414
53
19
495
275
277
453
71
269
81
275
5
24
462
347
223
171
451
461
318
38
390
450
70
353
419
437
131
175
439
356
265
533
536
119
222
19
204
143
548
406
338
249
530
158
267
212
455
256
491
434
123
217
498
202
442
433
326
551
384
169
30
185
11
273
235
408
375
509
390
146
119
422
165
302
15
327
416
378
126
185
470
514
573
593
520
87
603
184
232
194
101
137
543
454
491
67
607
590
403
568
56
255
352
359
454
402
227
250
567
7
149
393
87
496
622
241
617
552
233
431
182
515
346
226
103
117
535
90
268
442
397
487
296
441
310
216
234
635
28
192
559
5
649
441
111
598
332
119
624
523
628
114
646
47
241
6
525
615
386
190
375
518
223
297
422
333
439
121
240
429
421
186
390
615
609
655
565
488
278
691
520
178
427
392
444
115
500
567
438
606
70
33
554
652
353
28
239
369
321
599
158
329
663
293
718
686
470
520
22
642
237
672
181
103
331
562
513
672
225
630
211
122
592
20
514
452
494
466
197
257
234
107
546
138
75
282
172
388
533
206
365
483
305
254
460
279
451
220
312
93
240
732
716
531
373
309
18
491
313
179
102
244
484
418
284
777
523
594
542
355
261
650
766
185
684
572
386
308
133
726
439
511
525
794
804
721
682
469
533
570
257
482
301
372
600
202
320
187
700
252
442
593
82
707
778
272
312
625
465
718
773
498
768
412
739
253
784
157
220
705
126
82
644
259
384
422
65
28
206
849
706
323
340
29
524
40
635
276
716
118
327
565
398
594
197
15
471
228
854
184
297
187
381
372
517
371
760
872
557
842
102
358
63
882
137
756
630
252
630
117
81
520
469
878
838
708
287
603
298
67
742
490
562
361
228
286
385
84
333
497
590
617
850
278
874
73
415
674
97
725
605
209
712
270
220
382
136
379
341
289
641
67
25
592
13
339
716
729
301
806
85
816
587
390
782
415
95
619
663
409
600
749
927
320
694
633
680
86
383
282
260
59
853
915
144
563
45
282
165
325
720
883
67
668
406
782
802
923
395
548
189
613
742
105
253
204
819
98
973
153
568
520
585
422
213
440
565
633
957
747
197
571
389
406
885
704
645
693
540
15
116
608
173
703
270
516
183
254
606
294
877
150
339
457
668
992
641
850
952
997
801
511
712
710
64
643
165
496
665
665
661
365
255
792
464
286
445
184
75
1002
90
761
521
252
608
714
542
469
446
93
236
859
758
23
551
622
264
633
103
476
250
60
178
657
989
474
1024
772
205
453
656
974
992
910
495
289
984
94
595
65
736
897
575
293
555
699
321
667
592
482
318
542
974
700
568
885
90
826
646
803
971
78
356
787
477
880
44
334
855
1070
876
179
318
1095
1122
1085
553
211
198
869
863
684
1004
1056
740
212
172
665
681
456
946
165
729
520
33
230
367
986
531
1046
813
454
1101
925
614
606
315
861
480
415
825
1144
938
365
1143
216
662
589
529
836
424
364
1168
314
1025
305
874
26
696
608
1029
89
105
345
206
169
844
865
706
137
273
1022
948
51
282
649
160
647
361
720
65
1120
105
435
922
44
532
317
614
156
1011
362
85
708
936
191
961
820
501
576
499
681
551
844
948
692
436
802
237
134
547
924
656
489
1192
855
690
400
946
482
103
314
1115
446
740
180
521
375
677
911
401
81
42
835
740
862
635
510
356
269
151
142
101
830
628
606
561
65
640
1222
5
1231
15
116
75
511
69
41
674
37
730
431
662
747
709
482
1058
1175
1209
474
733
306
1208
1141
10
1158
1078
152
660
928
202
593
685
460
1132
1168
806
812
524
493
474
207
1028
1066
1277
713
353
1220
92
219
483
699
308
1138
1102
160
546
85
65
590
921
965
593
50
995
1107
679
899
924
645
365
1137
185
654
19
1322
457
452
281
139
1263
147
1
276
792
20
1119
914
195
302
125
1319
1133
1198
466
267
793
1194
712
1265
1068
900
1069
1177
289
409
224
1232
1362
305
282
1160
468
1139
673
115
571
464
861
742
716
532
1118
635
101
292
480
446
356
110
672
502
109
896
978
264
133
1280
1200
1250
1278
291
1260
1269
1201
436
1378
598
1039
1221
354
1249
720
286
94
473
797
558
754
751
1249
1070
429
282
634
15
968
522
880
337
1348
1238
354
1272
793
504
1042
849
788
533
362
573
1032
1149
135
823
859
1438
367
538
1428
315
1050
374
997
1002
263
822
231
360
807
149
3
1297
948
261
1449
815
533
1205
1015
843
1182
338
1447
116
135
878
1375
801
30
929
1057
640
212
1286
38
44
472
93
1241
290
250
526
35
347
1364
374
601
326
184
1238
313
1466
657
688
442
370
1
895
813
326
741
1497
1182
1354
713
139
372
79
884
178
341
653
1064
342
315
651
485
801
723
336
1368
717
301
1121
812
1142
1007
603
1117
318
816
700
1096
374
980
667
795
1219
1064
789
708
1080
570
1216
1157
272
186
1403
774
1396
127
334
1532
1251
996
947
1161
143
479
149
309
1466
1545
75
710
8
1235
1110
349
940
720
497
785
266
739
768
1070
1107
1489
1221
1490
1157
528
1178
668
321
230
972
1281
384
1303
506
1089
1226
1456
779
649
1423
52
1522
938
171
1283
102
655
1075
197
544
63
338
1275
1456
239
667
231
609
317
1028
1099
767
229
213
41
1290
543
916
293
847
428
1039
264
624
840
91
1280
1022
924
408
334
1431
1121
1079
1529
201
988
349
865
925
1108
183
1643
185
288
526
263
403
1120
1612
523
1487
1296
454
805
1468
204
1553
547
357
1446
1078
12
606
1050
628
40
574
1012
198
719
1383
1085
909
1289
431
91
1365
1138
698
218
1326
1214
974
933
105
1587
1283
1667
1555
1635
434
1182
603
750
1067
1034
209
1004
937
883
748
504
1566
1130
1320
293
571
68
1405
1694
1026
1143
168
132
956
1016
831
678
1512
1704
1101
1419
724
430
962
1565
660
73
1527
1054
151
1697
164
707
1592
1028
0
399
64
1478
1011
1224
432
629
790
1612
1435
11
409
1460
937
402
1338
861
1063
1331
1398
701
1019
1674
1705
1688
1065
1
186
538
1484
1131
1214
88
1031
1165
463
1717
1461
1535
130
1577
950
928
22
477
1085
1218
834
1319
565
172
1
1035
1532
506
776
1718
104
1786
1821
933
277
276
54
1488
1100
1611
1036
1525
1358
593
591
375
972
1780
1045
1274
1589
650
868
1703
1534
1413
68
1145
76
1677
800
1289
366
1123
991
364
188
1707
1695
982
370
1508
74
537
268
711
1334
0
451
574
1556
1476
1345
786
1762
1744
1108
1109
463
311
1038
791
322
154
222
1163
228
1388
386
1659
1238
238
951
533
1278
149
1099
833
1781
1228
109
916
859
1494
1319
303
734
192
785
1562
1817
180
794
576
1863
1206
1878
232
235
1156
709
1092
710
399
1664
1718
1478
1189
1035
1843
1210
1162
576
1518
695
34
1551
1036
33
1071
1417
547
1849
1213
1262
1897
980
1441
1942
1846
731
411
1396
381
83
880
236
1067
164
437
1020
714
491
709
778
1760
1167
981
614
1350
1619
38
394
437
852
1019
920
470
856
1587
1110
1617
1040
421
303
917
289
23
1266
834
1034
296
1924
965
1723
