0
1
2
1
3
1
0
1
7
6
5
1
11
10
0
7
14
10
7
3
16
18
4
14
4
2
15
19
19
4
0
31
20
15
15
35
15
18
0
3
12
1
41
36
0
6
21
36
31
27
32
44
27
35
37
34
8
53
18
2
25
2
60
20
60
23
25
53
24
1
55
49
69
42
17
44
0
66
60
61
16
21
25
13
55
59
16
14
44
84
11
58
16
41
26
21
62
83
80
78
44
12
35
47
4
105
96
95
23
50
1
82
42
11
111
109
35
26
46
33
56
111
11
81
72
59
40
68
23
33
109
39
62
121
18
74
87
109
130
70
92
74
113
42
48
135
113
136
134
131
72
104
52
80
37
105
90
90
94
97
40
101
82
2
4
116
33
111
50
23
139
81
0
45
46
160
132
77
46
15
82
59
122
4
74
180
53
127
109
131
43
20
147
39
91
153
69
155
116
130
128
153
167
34
126
192
126
35
83
82
75
33
110
142
12
36
124
19
76
112
10
104
69
182
100
57
40
189
154
229
137
9
217
82
136
90
131
0
42
100
193
211
51
177
86
229
221
176
102
186
206
183
105
185
61
235
53
197
127
104
167
16
164
219
157
40
29
228
132
67
42
69
125
254
3
136
59
199
113
251
178
213
105
101
23
73
49
146
113
271
63
210
110
201
91
24
160
125
213
70
107
93
128
104
174
142
25
78
111
108
225
276
302
44
9
41
305
252
201
204
176
95
320
196
116
197
7
53
285
81
314
204
254
229
313
335
301
111
268
25
40
11
143
18
31
40
138
277
282
206
297
52
182
14
130
43
341
301
270
318
269
267
175
172
135
220
156
227
293
359
56
103
320
107
64
202
47
369
16
135
274
227
343
149
122
160
71
174
353
351
351
193
2
380
217
48
137
200
109
151
238
86
242
350
231
45
147
399
366
103
44
374
273
382
123
305
36
196
36
97
337
234
385
405
301
248
242
68
401
388
399
170
29
343
170
386
271
101
127
347
409
311
360
15
226
424
142
206
394
241
154
186
317
189
139
114
156
141
203
448
163
45
283
270
303
427
346
352
359
447
195
409
141
37
390
225
23
62
172
185
149
13
81
380
124
347
228
388
86
67
88
287
176
493
435
433
349
260
59
438
383
321
43
59
337
75
281
506
485
457
145
221
12
199
342
108
397
231
272
282
180
411
499
119
175
196
316
283
489
193
275
475
355
177
10
255
428
97
261
474
523
349
416
142
44
381
87
372
340
265
482
439
222
317
552
71
525
294
353
49
520
446
146
303
428
533
225
161
555
511
359
451
547
222
263
496
269
239
517
501
298
342
279
284
396
167
462
25
289
391
370
336
417
576
586
408
52
336
402
132
520
106
390
464
520
590
421
157
316
328
256
556
348
12
353
534
291
424
521
159
510
495
405
326
442
569
541
43
621
572
78
87
265
3
308
403
54
328
538
344
96
177
406
418
554
139
111
189
122
136
16
194
588
209
357
219
334
424
10
559
607
158
3
499
402
405
282
309
483
29
632
201
431
0
613
213
483
21
159
277
586
156
647
124
634
640
196
30
539
266
39
450
199
375
130
425
282
110
463
50
249
249
602
309
109
402
691
431
506
4
12
228
613
399
645
64
600
329
452
349
437
3
235
457
570
108
549
603
498
344
453
479
177
197
680
227
499
365
192
160
549
137
516
95
83
725
510
557
697
311
606
73
668
441
539
469
296
623
73
597
538
534
416
264
126
262
661
560
168
512
227
132
642
395
700
622
424
649
47
219
553
12
683
727
66
502
58
275
11
343
145
128
83
278
567
724
292
784
724
642
391
62
468
767
68
192
555
763
0
136
135
515
324
230
618
723
381
187
14
771
231
726
316
510
98
632
612
738
770
687
270
78
21
89
819
322
277
728
720
81
663
389
722
358
636
88
188
411
222
438
265
485
346
374
597
94
295
777
694
726
496
651
23
836
252
398
428
110
476
782
838
313
832
522
571
473
699
628
640
212
195
164
832
494
700
157
573
780
87
183
385
209
503
364
303
418
198
895
641
418
265
551
519
754
216
303
497
496
867
535
866
205
38
131
381
255
159
358
96
477
617
836
844
769
591
132
397
472
265
761
346
305
1
528
881
582
364
886
748
201
514
910
693
593
79
416
198
457
838
440
270
56
587
793
940
654
31
147
205
527
219
882
159
339
342
469
77
100
155
937
852
236
654
149
749
585
301
149
782
403
653
838
68
416
236
470
670
593
618
365
825
548
273
803
535
535
673
955
996
931
967
695
835
704
588
352
32
276
463
694
420
1002
863
479
728
546
41
32
521
795
952
999
389
805
504
697
556
393
37
462
276
878
715
403
386
249
223
7
847
308
477
400
612
216
187
315
895
285
818
748
309
440
446
912
217
270
829
359
22
529
327
780
829
598
966
620
679
170
846
1007
996
392
255
137
831
129
947
944
718
703
221
638
377
688
14
1000
957
280
779
80
212
1072
587
290
925
210
388
982
1055
478
674
754
259
404
75
156
531
411
1003
403
768
186
8
605
719
512
1034
1034
113
120
380
366
165
428
369
12
426
327
1121
1056
398
565
258
610
977
983
468
36
1052
201
800
53
303
151
911
863
800
34
1133
719
486
676
582
544
209
321
575
269
187
1080
846
293
1020
313
89
846
685
639
201
274
698
82
414
49
765
425
929
436
721
766
945
894
1023
304
92
587
541
760
333
1066
173
952
828
188
818
843
338
560
739
987
890
196
266
44
175
2
1049
279
1046
880
630
746
515
161
202
1015
648
1159
1074
832
458
342
1126
259
473
491
1042
1077
602
819
628
1130
10
225
397
805
179
805
944
409
1127
1056
659
1166
666
114
853
159
630
164
562
828
705
1021
599
240
626
306
753
1056
621
428
1145
693
222
499
71
862
562
589
370
1181
556
1195
22
526
1139
974
267
304
363
512
1163
946
628
549
584
1259
827
220
871
872
952
397
653
1090
942
109
35
337
228
1264
698
738
229
168
664
29
97
1272
466
205
803
1050
915
793
1204
597
645
1108
430
1175
1245
1220
394
626
227
324
1024
706
301
748
57
15
54
832
276
87
713
809
507
337
347
202
850
934
347
93
233
159
1053
1115
861
936
909
346
198
503
152
1264
709
164
470
89
1169
315
283
316
892
285
995
37
357
1157
881
499
590
826
1375
254
424
1102
1197
787
928
425
1298
1004
762
273
999
816
1118
726
821
401
647
1116
1109
1225
241
940
313
1217
1346
681
116
1051
155
463
549
280
76
1117
1404
819
357
607
1226
1285
1409
1066
66
1048
1141
1103
1107
180
1373
6
1190
1215
1302
1001
1189
22
157
139
1355
587
588
1115
266
1204
1369
171
725
912
81
791
114
595
1105
1348
1358
689
1182
687
228
297
529
170
15
306
45
878
1205
1466
788
745
1257
866
1418
1194
1403
669
1132
66
638
436
1299
365
402
1245
671
301
818
396
1135
310
234
1226
1319
1432
394
1105
936
1343
277
1485
649
1272
1487
1013
951
1412
789
6
1199
462
526
990
268
1098
9
1213
1455
506
18
1168
756
1052
256
969
466
519
747
33
967
285
1418
835
1512
233
1520
1359
291
540
962
790
454
545
1376
457
1142
274
1505
986
633
378
815
823
765
85
44
564
766
492
1054
645
382
121
939
559
366
507
179
895
483
574
1122
658
814
511
1290
15
464
192
980
605
789
1576
675
1393
40
735
901
1050
834
434
170
1506
902
1427
877
727
659
1250
449
1100
1518
1249
155
1165
129
1366
1248
1119
564
1560
1218
585
780
1001
1130
1391
641
844
719
587
261
552
429
1320
1473
860
251
525
1295
1362
41
197
1558
36
968
988
80
41
1547
1578
1557
223
495
867
146
308
455
366
288
312
1103
472
1193
1053
970
486
1021
1042
197
133
1528
237
690
105
1626
1497
1298
1069
1582
1412
211
751
481
1177
784
699
1408
516
1521
1259
707
948
320
378
1598
133
1228
653
26
733
432
1166
1495
1150
821
250
353
1530
364
240
342
137
315
1524
798
139
1240
702
1697
1270
632
1110
525
19
1495
606
459
1538
1363
337
1166
875
1184
421
609
272
1628
265
11
431
348
241
864
1504
761
1419
491
1272
611
1325
986
1298
578
698
399
1258
1069
145
305
52
1408
1063
1631
1003
88
122
48
352
1523
126
748
939
409
1245
1114
355
1452
1255
1129
1163
317
303
75
1669
1205
1126
923
419
120
904
501
1524
544
532
233
510
729
307
607
7
195
1409
1123
1145
1474
691
1435
897
335
1444
497
358
1330
590
474
427
1307
713
1659
1489
815
1270
1186
833
1053
734
1763
822
1554
89
1124
1552
477
943
1608
986
428
890
827
1043
333
1687
334
891
339
1477
1112
349
313
11
1121
780
307
1740
409
215
1657
1586
1802
477
876
319
1077
90
691
78
1216
105
260
1128
753
378
554
1355
863
1045
1494
1003
606
334
252
886
1373
797
1791
900
1091
891
1760
702
1493
683
522
1111
191
1
76
764
585
347
1668
1722
1400
721
1083
1056
12
92
981
295
632
1425
25
332
1290
1444
671
289
1867
233
1571
1765
695
111
1129
669
747
1053
1198
890
1521
680
281
1801
858
1855
1363
255
1253
171
1440
1531
529
563
1824
97
1737
1264
835
1719
1051
1814
154
1726
1606
946
482
1020
1707
767
216
1092
1311
763
1179
426
914
1910
439
1341
678
1800
1059
339
1292
1906
1392
703
631
838
676
90
586
39
514
889
1073
349
1154
1501
177
877
732
1519
1631
1844
373
483
1179
138
836
24
1293
1385
1171
362
367
1660
641
1438
1489
1347
207
721
808
788
1557
413
484
520
1782
1818
1223
1641
224
1132
903
1337
1659
493
646
807
1861
565
1716
1699
1081
157
1243
1763
791
686
1856
1068
1982
634
1893
384
1678
75
1554
1890
488
28
393
2012
1334
1096
260
2037
529
2037
1935
1045
1401
629
369
1875
930
1767
1905
842
694
1359
665
1554
1130
196
1253
957
1607
1751
1227
909
613
1759
1758
312
1784
369
555
1296
1694
510
2033
768
1449
320
815
1110
868
1867
1358
443
645
954
1930
956
1979
456
1136
601
1012
1498
2003
678
1231
119
1572
1035
644
421
2007
72
928
1496
1297
587
1814
710
584
1765
562
1593
68
566
870
308
324
136
1367
232
1885
1586
573
1556
1901
848
1420
178
1031
690
1017
1142
184
116
693
1373
1536
59
187
1683
80
1696
1169
110
636
449
1226
118
1001
134
259
141
753
1203
463
2036
1844
637
1484
77
1312
425
2030
395
362
623
1459
435
631
1195
1532
1
787
724
766
1843
735
1958
867
2168
168
68
1571
338
1394
1932
253
16
957
1431
607
1399
922
1335
1404
689
1504
743
1057
653
1748
1402
1596
2128
1453
1833
491
16
1941
1643
606
62
1951
876
1662
2187
782
1695
483
1356
1890
524
635
177
209
975
1822
1169
1316
2005
736
1513
844
509
1940
1151
1902
581
53
466
1295
1243
172
807
1435
1328
860
952
2230
1263
2109
1937
205
1138
1615
537
1662
460
2253
1177
1507
979
1920
1077
1063
2232
367
884
1169
1839
1747
811
426
965
175
1331
379
319
1502
238
1664
2267
733
127
968
1748
1172
1735
581
795
1792
1457
1726
1504
1179
1353
1226
2196
649
479
1457
1881
1930
919
15
1397
936
1349
2288
326
505
1431
210
327
184
2236
99
1985
582
1943
2331
536
386
613
17
1127
797
1454
1382
1694
1397
1994
611
825
1138
2028
1679
1797
1854
901
1795
851
1559
2230
233
1220
1183
316
1861
2277
2351
579
427
1300
1387
443
711
1452
511
820
1016
663
227
2256
601
997
1605
357
587
503
1940
1612
1385
1659
486
1894
1249
343
2151
863
1757
1629
1945
1341
753
382
1103
309
1272
367
2272
2244
844
1301
1898
1988
875
1978
940
2333
2066
595
869
50
2251
593
1709
511
2402
804
874
1094
1034
1436
651
1881
962
1460
1457
1911
1354
1956
478
517
573
1559
2371
843
1307
259
679
984
1406
1018
929
2031
23
1749
955
1040
1660
256
1104
1059
372
1360
38
2122
979
1429
2126
1111
920
2421
1954
479
1159
113
740
1302
342
1287
2018
514
1165
662
2302
1956
2117
693
1186
382
2476
2260
501
2204
299
1071
1725
616
770
2190
1810
830
2253
440
451
20
1205
467
1923
1509
1356
2229
1144
594
934
202
1882
201
771
1971
956
1062
876
1925
275
493
276
1563
1744
188
782
704
351
1141
2311
1340
240
2480
713
2167
1797
2270
1842
2191
1841
1236
1057
1009
925
1590
1964
701
763
2274
226
2503
1708
1861
122
2318
24
69
51
1560
2096
349
1962
1403
2476
2439
2394
1752
1258
794
1139
2246
1094
1657
349
1919
2000
2163
2537
903
1910
1097
693
2370
66
932
893
535
1303
1572
797
2291
1898
2129
1476
132
1088
365
735
1086
297
780
204
2599
1364
959
2591
1355
2457
2161
83
1840
1130
119
47
2474
2144
205
914
155
412
871
790
2036
253
297
84
1946
247
795
2463
701
436
1937
724
1745
2290
307
2584
1425
2117
1626
1873
1762
1627
1757
926
122
284
342
401
2632
283
683
956
1879
1655
2004
2624
1248
528
2067
38
31
2630
1918
949
2136
2026
514
2023
2523
1164
883
2622
2620
2592
2254
1239
1578
1928
1431
2448
434
1797
1539
2574
1412
2649
2353
1395
1170
925
2539
959
815
193
584
1781
2054
2463
474
1778
1728
62
731
641
1417
198
1056
399
2595
2672
1195
759
747
831
1177
621
1858
991
1015
985
1706
1415
2689
1883
490
307
2138
570
1284
2517
2704
2104
2198
2727
1232
1603
2650
1571
1930
1716
686
2369
2519
499
2085
589
2476
704
1307
2231
2116
1196
115
1815
1314
854
2468
2725
535
1585
679
2328
887
889
1141
2748
2530
1852
707
603
733
369
181
377
2604
2206
454
595
2416
1268
361
2430
24
2711
310
1546
2053
74
2115
2626
502
1109
2365
1898
2435
1683
390
2721
524
1723
2217
574
1298
192
1578
1325
2170
1566
1237
622
2260
1168
219
1083
2414
2157
2651
1448
2773
2254
383
802
552
2129
1052
1683
2329
642
1811
250
1086
289
1705
826
2503
2626
1038
514
1817
1963
1575
2486
705
2553
582
2179
1083
1255
1157
1207
2042
317
1888
1130
599
2617
1176
746
13
1813
332
1028
2483
613
2663
711
2137
584
2812
1847
309
2375
228
904
204
777
853
2233
145
72
2002
1910
389
340
2872
2459
554
1410
2349
2312
581
1980
1599
1297
1331
1863
2391
33
439
2294
214
6
1677
2687
688
756
1569
2546
5
1924
231
2531
2155
2640
34
572
2600
1779
931
1020
2405
2168
2843
204
2755
2114
1670
2628
1062
1845
1438
2780
1253
991
2801
526
1857
2100
1328
36
870
938
1521
867
263
2744
930
37
1368
2772
522
2215
1896
39
1015
2337
2373
201
1084
1800
1974
11
908
922
1563
1621
2035
912
2717
1406
2658
608
2261
404
821
2756
705
200
212
912
1665
2232
2674
825
2725
2747
837
2616
1885
942
2110
2135
2083
2307
515
76
1225
2441
477
2719
1698
830
1467
210
972
2256
2817
2617
2992
2207
625
2661
2592
1919
1809
279
834
1425
89
1844
1888
428
2322
1712
126
621
1237
1173
100
1240
595
2896
1585
397
1777
2616
2670
838
1500
617
2188
1111
1605
2666
255
1928
1453
745
114
1417
1269
1716
2574
1070
1275
507
739
1975
2498
747
2994
994
1694
473
1860
734
2303
764
2457
2174
1455
487
1845
1227
3004
2843
846
485
1692
3024
2594
2998
2855
534
183
2597
892
2621
998
977
1824
1090
1447
1709
1740
787
1222
169
199
697
2978
136
794
2833
2071
3037
818
3030
1871
2198
2172
2089
1538
2680
2227
983
2155
1127
2784
2177
1432
449
1494
1850
1930
1513
1156
2944
2073
2460
397
1825
499
839
412
247
1157
3073
909
1111
2527
1205
1198
2248
187
1309
2923
1639
1321
2674
2243
248
1466
2320
371
1525
2290
1997
1673
1542
1495
2119
1433
1600
653
2676
391
725
561
320
565
448
2791
740
1186
1085
1188
1801
3013
819
1823
1834
1953
1465
1309
2946
1385
20
2634
1543
2545
741
2288
616
14
2808
2649
2602
436
775
1208
3081
112
2050
1941
916
1504
843
447
3052
802
2713
1034
1892
145
2995
2200
222
1486
1010
2596
1277
1839
1174
1992
1264
2763
91
1320
2719
805
1586
2186
722
830
689
1031
2513
566
2969
1599
2123
124
1469
353
1705
359
2992
1677
321
411
595
1083
783
22
992
837
196
620
2123
168
1409
986
1262
2374
3023
2955
355
732
505
140
2270
3211
2495
2482
2113
647
278
3181
1728
1351
1123
277
3259
854
979
2611
195
2434
2470
2133
3156
2837
2527
1994
1894
2582
121
545
1123
1571
2913
557
1345
768
115
2816
1286
500
3107
48
758
1502
2085
2824
1561
3197
3038
2350
2867
2819
573
1880
2258
2495
1136
2919
1130
887
2483
1433
1306
915
240
2396
1954
1531
2329
1156
28
233
2165
793
1965
723
1433
1621
1606
329
2497
1323
1625
1283
710
819
2623
2324
3266
598
1789
1632
541
285
2412
3035
854
1583
3334
2529
1452
1671
1541
1271
1817
262
970
2598
2328
238
913
2736
1845
1220
2060
3383
1478
1640
206
2742
2251
138
1
2908
1316
160
1311
2602
3348
1021
3082
1939
1284
1880
239
74
2979
1767
1476
488
3172
1256
2924
2518
1355
1380
1069
1088
1958
2436
3031
1008
3314
455
2358
1350
1278
2409
2067
2429
2649
3190
681
3086
181
1321
2256
2705
1517
1124
1352
2132
3263
2719
235
166
547
2629
1312
370
1116
710
1065
476
3009
6
325
839
2657
1580
3207
134
3421
950
2933
1933
658
2176
1105
1031
701
488
1589
3417
1617
259
2471
2264
2780
2877
2979
2892
3406
1416
2151
717
1351
1945
1502
836
2022
266
1996
3094
2479
1529
2688
401
144
2302
21
10
2517
101
59
586
3105
2179
2813
2730
3281
226
3233
723
2358
2427
1699
559
2898
1357
647
296
1730
92
1179
961
421
3141
2653
3278
1012
2266
1797
2137
602
2313
257
471
1779
1852
271
3537
2851
2385
99
2105
1948
378
3100
737
2388
2185
1305
2806
3062
978
2746
2388
3463
3556
3301
3171
252
1155
690
3289
3534
484
439
1753
2657
3303
2607
3487
2267
591
1763
598
3141
1007
2528
2992
2182
950
3402
266
2317
2754
17
2738
3382
2770
2402
1318
472
3052
49
3310
1435
100
722
2277
3166
737
2785
2587
3173
1065
1505
1696
692
1700
1428
1521
193
2174
2266
3526
1511
2585
2044
2960
1766
2434
72
292
3239
3167
2778
981
894
1726
2065
1552
1744
2179
595
2751
2398
3205
1276
3272
3539
313
994
1816
609
1452
959
3382
3432
217
2246
3389
951
1697
280
56
1422
2650
1463
2883
17
3128
1331
51
1812
888
553
1321
3070
687
3135
64
1246
2433
102
298
2719
1845
3285
1958
2431
1105
1049
1260
3547
2167
3220
1065
3424
3281
2254
336
1322
390
2662
908
2171
2711
1320
1873
921
1643
2143
2331
716
2960
2852
3339
1206
164
3070
936
1594
924
1272
137
2229
163
608
2337
1551
1092
1416
741
3016
1170
3631
2623
1760
3320
3259
1431
3251
2600
2298
3596
3263
3267
3533
112
2992
1644
3445
3218
2980
2231
928
2080
2954
755
3311
1392
2057
1608
3332
1808
1638
1413
2699
267
1543
2363
1063
2630
2292
1958
657
2219
3074
3522
2809
2973
2309
1886
760
3567
738
826
2464
836
1158
1798
1748
152
1524
46
3051
445
1625
1178
425
1398
1667
3413
100
2142
2663
2067
2658
3764
1277
524
157
1040
596
1559
102
3691
1123
676
2629
3386
2680
2259
3087
1384
1994
1887
1216
2763
1951
21
1696
1823
2257
283
3681
1323
2151
163
376
3697
890
376
907
3072
1206
2360
1020
1356
1314
2539
2542
3622
3282
1276
3558
1064
2759
2233
270
3824
3135
868
675
1584
2758
3439
716
797
3452
2912
1044
433
3396
1950
899
1913
3784
2067
761
3848
338
1738
3797
127
2453
2525
3805
651
2350
701
936
2709
1960
2690
943
894
681
66
2213
2076
1505
3477
1039
2649
3318
1372
3603
3050
306
2822
207
3089
847
2552
2045
2500
1070
2403
370
3425
879
2754
1254
296
3632
1959
3447
3706
2815
1251
3800
217
2244
1558
1979
1994
908
2764
2868
3057
93
3108
212
3051
3589
2704
445
2723
1205
1363
514
3719
370
2510
2939
2606
970
1850
3039
3380
2089
65
1807
841
2577
2591
669
2629
3356
1845
2006
1894
919
353
2628
2049
70
510
3832
3175
1351
1185
3838
483
1056
1274
2216
3140
3755
2985
2444
3298
995
2636
919
1554
1458
808
2555
1225
2224
2518
3161
2486
1952
1800
