0
1
2
0
0
5
0
6
8
5
10
10
8
0
7
3
9
10
16
17
4
17
15
5
14
7
25
1
28
4
3
11
31
29
21
34
35
23
0
15
32
21
17
36
11
43
14
18
36
6
44
21
6
20
37
22
41
15
39
9
59
8
25
41
3
12
48
30
12
7
1
34
8
4
8
64
28
11
31
10
53
66
4
47
64
19
76
61
33
23
48
55
16
45
58
15
26
35
81
13
3
1
98
69
32
80
15
44
39
1
70
76
96
6
92
26
88
73
35
23
115
98
86
117
56
73
43
66
124
63
118
105
55
14
20
20
97
48
48
117
36
105
102
121
138
122
139
80
12
77
141
150
36
111
80
14
20
131
55
149
33
40
84
0
47
104
3
56
24
20
138
139
114
149
147
145
28
96
18
179
130
163
126
12
98
135
92
31
187
38
140
132
19
145
176
9
54
55
63
179
152
186
27
199
38
142
12
120
77
189
103
159
121
103
132
99
47
157
145
0
154
208
72
155
102
73
168
28
29
201
35
41
75
196
217
42
120
162
3
82
152
79
87
235
156
209
124
207
237
244
140
99
80
52
195
208
184
234
56
30
4
86
92
190
213
210
135
164
173
34
270
197
95
16
126
153
43
222
261
227
209
94
221
184
262
15
89
77
84
265
96
203
266
21
83
113
274
259
103
288
82
114
118
303
23
92
82
186
287
86
169
277
155
81
62
218
0
149
113
117
52
244
320
84
268
68
134
220
262
278
25
267
36
329
224
156
172
119
98
233
20
16
118
85
142
34
137
237
29
163
178
206
194
260
59
79
191
137
27
222
359
308
173
228
358
258
353
65
0
332
354
157
135
46
197
4
19
328
163
284
132
346
35
45
137
249
126
341
70
242
309
16
1
299
155
395
302
211
137
337
148
153
283
261
189
258
119
349
274
227
50
68
121
123
217
136
99
102
413
299
180
394
375
100
350
162
122
276
46
383
325
427
356
321
378
374
363
19
169
97
137
299
148
51
248
352
180
342
211
53
71
147
207
50
0
95
87
266
232
260
376
359
276
284
177
448
428
184
62
149
25
144
157
246
400
126
202
363
321
184
377
457
398
248
334
52
370
405
144
254
141
242
429
321
279
246
119
179
383
460
198
325
278
439
239
468
376
115
265
341
88
383
235
136
293
319
313
3
119
129
117
502
402
165
158
152
325
223
492
45
108
188
335
358
255
129
241
423
421
231
292
502
162
37
533
401
134
99
265
537
38
167
532
262
286
22
9
69
287
484
179
442
91
294
397
321
389
314
9
164
283
473
302
248
216
141
550
565
390
152
1
556
110
245
246
178
131
524
314
420
343
169
423
354
549
90
431
6
245
106
294
37
76
548
563
281
124
381
24
393
195
326
590
167
32
236
97
197
409
496
216
132
444
107
16
455
287
274
371
586
426
32
7
77
131
431
87
22
35
578
489
144
149
156
640
221
283
230
21
575
188
106
581
324
612
413
285
124
417
401
16
83
393
197
664
355
441
43
556
576
463
349
76
254
287
659
418
610
554
594
680
435
38
636
672
254
146
360
142
646
120
352
18
484
251
532
276
339
475
490
21
20
502
242
85
294
72
356
34
94
499
102
237
694
225
383
669
613
654
130
62
231
664
43
590
79
607
133
625
458
125
185
147
127
428
680
368
207
553
291
287
733
685
707
166
141
620
396
39
404
471
4
725
406
707
198
708
390
563
532
32
701
342
206
739
741
348
342
61
768
146
156
234
34
526
292
717
59
449
120
464
74
424
730
480
167
83
641
736
783
620
297
727
122
573
344
63
375
623
279
342
661
713
130
510
423
116
730
106
509
465
454
564
457
27
243
769
272
774
39
538
146
561
237
377
30
628
187
149
322
505
702
389
480
506
185
514
247
355
639
663
217
315
306
150
226
621
586
86
335
308
769
430
47
432
793
81
191
585
62
55
403
266
174
339
458
74
364
743
633
423
151
144
339
574
817
547
667
817
826
736
65
354
548
141
429
770
84
789
84
267
551
575
161
790
589
509
34
653
666
274
112
579
726
884
317
432
822
854
424
246
548
699
375
314
286
833
233
231
384
380
378
529
743
784
233
385
535
648
661
439
53
42
648
840
260
392
391
425
128
295
605
152
365
199
742
343
484
269
312
776
189
459
482
715
6
289
276
286
958
869
921
45
74
285
926
226
600
224
808
385
956
82
41
956
106
604
347
665
441
480
170
397
152
698
509
497
345
161
890
342
45
213
914
837
265
592
876
269
441
411
119
674
689
55
775
258
859
27
416
902
166
825
780
239
873
916
608
363
825
449
629
768
493
412
755
372
459
1017
84
93
298
780
125
525
155
154
586
462
61
302
322
942
291
106
896
555
233
481
136
777
862
320
187
436
881
397
77
349
27
242
614
438
158
611
76
933
765
135
924
337
885
339
558
145
576
310
326
63
278
291
68
1057
66
1021
1072
881
604
44
197
260
147
578
813
962
4
566
715
613
1052
1063
752
1032
176
694
397
670
101
308
810
449
233
34
52
192
918
668
1045
988
1044
482
356
705
342
462
104
461
638
799
1108
359
962
1024
785
525
994
953
987
999
57
578
247
491
662
918
1071
73
756
348
629
828
1022
479
120
587
46
484
838
961
883
629
800
332
587
291
416
21
508
593
283
354
363
1092
204
862
143
43
127
667
337
1180
937
738
329
658
371
1105
204
552
797
1084
739
1096
1165
69
405
123
1139
953
158
1081
743
562
156
553
709
899
238
804
340
1150
67
1035
983
324
217
15
885
1141
751
866
43
309
1019
739
154
318
602
44
670
913
491
440
295
794
525
663
779
817
808
353
337
709
804
224
1046
516
786
782
683
797
434
364
579
464
1105
858
259
559
1022
403
657
994
800
536
441
348
658
351
1087
157
44
1189
899
341
272
125
665
249
78
718
321
348
687
89
159
391
989
943
913
454
152
1063
983
898
431
311
1237
336
546
571
1056
324
30
866
92
961
119
584
933
1190
1059
17
621
262
933
602
767
670
532
955
949
454
610
1062
796
1155
219
653
722
215
758
184
252
531
302
158
592
237
117
270
786
164
728
802
1197
826
271
255
844
328
1212
1033
170
1067
860
196
784
181
527
363
938
1230
431
543
530
1313
1092
879
1355
80
36
653
136
71
585
140
605
941
632
297
1107
850
608
162
1062
620
1057
416
697
281
873
727
643
410
819
921
516
174
810
1265
96
1229
1282
595
1327
1036
600
505
169
19
958
195
155
679
969
1260
373
1393
15
937
984
101
1304
424
535
161
1099
1397
821
823
815
256
14
180
460
1159
190
772
712
1409
363
493
969
831
400
915
622
103
353
663
539
1035
815
1115
926
525
1419
1393
364
555
43
123
731
419
254
1426
666
302
668
483
1124
169
590
633
172
438
828
80
1091
1364
1404
1263
697
696
1198
328
895
1201
524
944
534
756
1239
1155
347
1366
183
1153
874
649
1094
1042
589
575
581
542
385
989
189
1332
14
1174
848
693
284
1180
986
1108
398
363
913
184
579
556
630
1268
1322
835
1460
28
458
335
1152
1357
811
519
498
209
805
26
1374
1230
936
107
444
1248
1336
42
487
718
1275
434
907
140
591
226
47
1490
30
1218
365
402
887
594
1384
75
1266
868
762
1200
644
1086
66
388
599
441
1172
1307
449
500
303
621
605
587
412
905
32
965
93
552
1236
751
1364
708
781
1424
215
299
60
121
748
713
1213
1465
626
693
292
514
849
637
1468
124
237
1497
1225
131
325
715
1322
1516
190
271
86
333
1446
173
13
703
623
609
1464
1013
274
647
642
1163
1039
1077
463
919
545
1087
1235
1194
1488
566
1091
1567
1490
444
1406
477
115
534
1187
21
1149
98
91
1287
1206
212
1267
371
1330
970
273
1151
92
1225
839
210
653
1114
372
211
1430
765
395
1117
1541
512
1681
691
851
1302
1257
1523
1266
129
832
1458
605
385
548
1077
325
1602
879
877
64
1607
547
902
1033
344
949
110
1563
918
1311
1389
515
1328
404
964
40
1578
575
506
1406
157
566
1379
777
846
676
1615
162
775
1153
76
669
1464
1670
1420
778
460
1334
775
1339
1293
597
1505
547
776
734
430
867
949
709
1286
84
1505
498
1387
1576
709
1536
1167
754
1750
1083
539
987
624
659
218
191
1141
7
1228
968
111
1455
1287
1777
658
725
257
467
75
489
174
955
1662
1010
1511
481
1074
1484
1163
516
255
210
744
584
284
1157
1571
1679
1546
978
585
650
432
683
1754
1482
590
1259
973
1522
200
180
773
707
138
1192
1553
1068
209
1719
1305
1380
364
1413
300
346
742
890
679
1171
915
1815
29
1064
1596
1421
1624
1335
1612
910
1533
1441
1023
743
1447
1725
746
1055
1023
411
141
567
598
1152
678
304
343
1167
472
976
406
1326
1476
1656
1218
218
1508
602
1794
1713
847
412
1120
500
1318
1319
1273
1623
724
357
211
443
593
1727
830
283
565
484
1254
484
378
1516
865
1654
969
1181
733
1892
1866
1852
745
322
160
1001
190
1681
30
490
930
208
867
976
803
506
1093
1817
673
1106
253
1739
1042
1744
529
1124
1609
1561
1117
1382
164
541
1897
1691
284
243
1430
354
167
1714
1613
1222
744
110
1530
954
607
987
44
546
1447
1610
135
333
1484
1658
1383
1096
1716
482
169
1141
1909
1099
1572
477
1174
1023
391
1283
207
546
1333
976
1534
1568
1405
257
268
1059
643
699
739
178
839
241
1193
1733
1943
1627
602
1080
695
734
1972
1593
1905
1845
1432
1213
1423
63
520
1051
423
1767
330
784
644
1351
788
897
1132
1935
1522
2007
328
576
1036
777
335
917
99
952
1373
232
1450
833
604
780
251
563
1499
382
453
456
781
1863
105
1749
428
236
2022
922
1072
781
81
865
1766
1606
1019
2003
459
600
665
494
2027
793
1499
1216
426
324
1560
151
423
761
1105
1743
730
1848
1123
1869
1786
1030
1641
763
261
399
496
294
1742
2051
1256
1892
1247
444
1942
1126
692
1830
17
1389
256
452
667
1240
1589
851
1745
522
678
1239
1800
994
1751
433
1938
27
1429
1605
1508
313
1471
972
2093
1811
1111
623
648
875
1992
214
1926
1108
1112
809
172
757
1947
1079
997
1322
1318
1118
1225
1699
1584
1001
556
1484
553
2052
1915
1766
582
1586
1302
459
1364
411
375
1457
47
1200
1574
2113
1836
1307
1834
156
36
446
122
429
2009
985
983
2071
1466
330
178
1996
1025
156
1221
1286
1574
766
669
273
1638
370
97
567
1527
1346
1894
58
1895
1175
1218
2127
1489
710
1882
734
2175
321
1259
2192
2086
560
188
1244
636
1646
1392
761
2185
1544
2047
518
240
833
1033
1158
104
515
1360
556
305
804
907
315
480
2146
220
1640
786
142
976
1322
2161
2202
1871
1666
1708
1019
1038
1147
1343
1161
2127
287
724
1806
844
2031
356
555
2221
79
560
1725
2176
441
327
391
732
1136
2063
717
2021
1010
2259
1318
1972
1355
762
2196
1880
2122
1382
817
2215
72
443
1145
732
312
1897
1813
377
1402
1119
643
784
1373
1445
1421
123
423
671
343
1152
1850
1670
326
1623
1288
885
462
489
1325
1129
1103
1091
492
1665
995
344
678
631
1932
1586
669
1477
194
1752
1170
1040
917
1323
1045
1806
826
2096
1053
337
1934
1896
121
2134
496
1747
2283
578
939
1950
1533
2229
1325
1048
1199
1019
372
993
1895
2046
1193
980
2144
979
1552
1391
1303
2298
228
777
1761
941
320
2351
1896
951
1665
382
2267
1964
466
700
1152
49
1319
2278
147
1086
1439
950
862
751
649
1897
2319
907
1906
1391
2299
221
1185
1030
1880
1864
211
1560
50
966
2202
2335
889
2162
476
1797
1168
1059
817
1592
815
1634
1486
416
698
1494
713
1055
2091
1031
1187
500
97
1012
627
776
1574
1122
1563
2338
826
1842
1234
2425
1099
1718
1709
796
1158
993
800
461
168
541
2256
278
1983
373
484
399
1562
446
1207
1724
692
1598
111
1204
929
972
2010
2107
568
2340
838
258
49
1575
1712
1842
872
2208
1982
256
58
853
1108
1151
2141
483
1819
1188
970
2462
731
605
1154
579
684
1308
1148
1856
2397
2377
1998
1358
540
2323
1870
2220
373
2428
1510
1582
695
1634
647
2286
1698
2358
2090
175
2228
1787
641
2204
2198
904
929
1794
2137
2335
1122
1974
1755
356
112
1293
247
206
2225
564
594
1925
1627
538
695
1679
7
1907
1055
1748
1730
443
1656
892
126
992
613
2397
204
76
1603
1120
1286
895
1407
250
1851
633
1294
1258
1389
612
357
187
677
1060
709
931
2339
420
1326
1725
1198
242
1364
1654
221
1225
1116
1533
36
2133
2313
2132
1836
2010
157
1292
1635
1961
887
335
1776
2141
1677
408
459
847
811
2448
306
1689
1566
193
171
1568
310
2273
2120
1283
1502
266
1287
1365
1963
1748
609
283
2349
2125
2395
2110
2082
1841
329
1205
267
1392
712
2182
1766
2316
1513
649
2371
856
1618
399
694
1961
1756
1031
1608
2176
1364
2035
39
1277
55
44
1445
505
107
1545
1346
1880
673
2491
2285
866
2212
1111
393
2313
2243
2434
730
203
1919
1274
2169
1745
2550
217
574
2537
2158
855
618
1438
383
2406
1330
1744
1392
2682
1236
1359
1811
483
102
728
2588
252
2489
959
1840
2590
30
2612
1285
719
1814
2525
2245
598
146
1511
780
897
426
2068
1005
301
1757
325
746
2520
1814
2414
1295
1263
1993
783
390
508
473
1291
858
1618
2385
1788
2018
1304
2069
630
1765
2364
292
1541
58
602
646
2442
2186
1831
15
593
465
772
2081
1258
819
1631
2196
2239
226
609
764
2106
22
1580
792
1718
1937
1889
2673
1066
2006
2139
1183
2081
1576
2744
802
2104
1008
265
108
1076
1044
1261
29
2072
1241
422
1482
2781
2367
2642
614
20
2556
528
2170
2299
1614
2325
1550
113
1265
2021
788
1718
516
2632
1795
2761
320
697
1451
2345
215
502
989
252
667
898
117
2788
760
889
1342
1981
334
1647
1463
2033
355
424
1765
2413
2337
2099
2771
2656
2275
2727
568
825
1324
494
2135
1231
25
814
1095
2406
121
1568
721
2428
2382
2577
1348
939
1779
891
1160
1403
197
2445
1139
1216
2338
154
656
127
1699
2144
155
2343
1858
762
2446
1000
2394
855
1046
496
534
2001
912
336
79
330
506
1925
425
2156
1816
2592
1709
2663
511
304
678
1360
1109
1787
1647
1601
839
2539
2182
238
174
2302
2850
1969
604
1493
21
934
2018
2441
1102
2867
742
720
449
1736
1503
2792
1430
2038
1763
2907
1135
181
2927
2381
179
966
998
2427
1404
2096
2492
355
2420
1791
2525
984
470
550
1572
2771
2220
649
103
1613
1052
1712
2865
70
1243
926
1849
1972
1801
1069
2620
2639
1668
1120
2416
2215
445
1590
324
414
582
79
633
153
775
1199
329
2267
1208
2590
252
2847
463
887
1681
2532
951
2788
2623
364
2473
2303
356
356
2827
766
1864
596
2721
2425
1857
811
2552
1712
1796
2040
2802
1253
2186
1967
2575
1500
1031
866
65
2102
1188
2700
1165
434
1754
903
1874
1088
2865
1810
2510
2518
2972
2717
482
2517
2383
2360
2696
950
1976
1884
2043
2616
2355
2606
2385
1957
2269
885
2386
2526
2285
2232
1047
2836
1618
2037
2102
442
2095
2250
2358
3030
801
1710
2416
1817
316
1931
1431
1869
2367
45
1123
2049
446
2480
1933
1126
1026
1121
198
1733
823
372
2719
715
852
2337
1641
1842
2240
1993
2949
1370
588
3059
863
2034
604
2181
2408
1662
2810
510
1714
1155
1819
710
1717
958
171
2945
471
577
2664
1804
867
276
474
832
2976
2244
1421
492
2168
2147
1748
1326
2644
2917
2443
1080
2216
1177
2595
1054
359
2509
2337
1340
2625
711
1192
1289
2010
1590
915
783
3072
1425
2611
738
506
133
1835
2804
2349
284
1914
1893
2007
232
1753
716
43
714
524
1656
1157
914
1573
2613
1869
2316
1582
550
2579
2715
2096
928
645
574
2167
2349
321
609
958
1054
960
85
3063
1921
1795
930
2716
224
289
3197
3088
2629
542
388
3201
1739
2648
2306
1814
1356
124
125
3068
1142
2469
2281
1429
78
1828
3078
2673
833
468
331
889
2156
286
266
471
2757
1375
1319
199
3113
2128
515
139
1384
2641
1611
728
688
1781
643
2757
557
1336
1383
988
2720
1054
908
1963
667
729
609
310
1149
885
1448
137
1856
2517
513
721
237
2406
2486
834
1424
433
2011
2014
2265
666
720
934
2176
2282
1533
70
913
391
2419
794
10
2199
737
2323
3256
2972
1933
982
910
1764
2785
832
2069
1804
2035
1563
3193
2239
2976
503
2617
2287
3095
160
48
1348
2049
2968
1292
867
1947
957
2616
3036
265
1926
2
323
589
3272
2503
2505
1131
20
2228
2505
2578
3094
1637
2199
267
2927
2118
2851
2274
1880
3088
379
325
837
2874
1420
2020
2765
1482
480
1632
571
1617
2421
2495
945
7
439
2663
3108
974
1954
778
1453
3319
1766
576
2012
1670
1901
79
2839
199
1999
133
1431
626
1083
3333
894
433
262
2321
1529
2028
1639
2627
461
411
1370
2376
1933
856
3142
40
2185
958
690
3060
2352
2255
2002
3356
2548
1260
2099
3262
847
3078
630
3080
1390
1014
859
3149
1074
1702
1784
962
1810
110
2926
1047
537
3297
3261
2303
1357
1877
662
415
913
702
705
856
3067
2132
1366
1308
2008
759
1128
3059
926
3179
2883
1414
3016
2439
3047
2375
249
2836
2027
2040
2870
2545
1572
1945
1184
1153
1440
2563
2925
246
2015
431
1263
1269
1686
396
1533
3223
556
2504
1148
2853
748
533
2733
1030
2345
2160
2976
3394
3348
2816
998
1906
3489
3478
2965
3385
3317
1073
2830
1296
2386
3302
640
1675
1997
3140
983
1771
1144
3501
11
1532
625
2080
1619
2821
709
2510
3048
2084
588
235
2333
3095
157
1333
3409
2665
3262
642
3188
2392
1655
2631
2537
2936
1052
1520
513
3158
1032
2363
1013
1822
190
951
3329
2182
1999
3122
2330
1037
50
1127
2621
471
3392
2282
3552
1738
688
2283
649
2475
3136
1357
19
1407
1715
1959
2988
235
1074
3009
295
858
383
3417
2596
576
2704
3073
1238
1175
1650
1479
3434
13
2542
233
11
1308
553
914
2851
619
1706
1784
1612
1740
1090
2943
1695
412
2592
217
2947
2374
2024
1713
2182
3425
2048
1080
10
42
2338
2145
3400
2439
2200
2877
2097
225
2534
1939
1661
892
644
1211
2230
3378
334
3551
2342
1246
242
240
173
2324
932
1251
1524
931
2712
819
38
744
3133
1228
771
3027
2026
1343
1650
2192
2778
355
536
3250
1611
2155
2346
1861
1411
770
2862
3162
2686
1338
2192
3
1619
2733
3267
266
1631
3013
135
2257
278
10
3216
301
1619
1366
3216
3069
2047
2396
1744
421
740
3559
1540
3255
2130
160
1904
3145
2721
3207
3036
804
2606
3221
1340
1201
562
1347
1917
2097
1950
2744
1448
3206
461
1185
1692
4
2053
615
2876
547
3718
3632
828
1605
2053
1414
1090
299
107
2237
2253
3561
3643
1993
2751
1224
2771
3685
1771
97
1065
1721
881
3710
2943
1311
2294
2937
2142
837
1492
1559
191
2066
2195
2284
1246
1664
453
1864
2666
1216
2951
3139
1274
488
926
1555
2188
3561
622
1284
831
2719
1628
1322
3539
2152
1237
72
2830
461
490
3224
154
363
2258
2907
1231
2565
3230
2183
361
1912
399
246
2857
2856
2265
2005
1527
2189
2997
2918
1936
1893
2199
912
3746
3145
2861
551
1936
1417
3300
2789
3587
208
2208
276
42
3268
3244
3662
3034
1420
1538
2973
109
311
1664
2891
1012
1809
2659
524
2020
3696
2741
928
2429
1745
810
2978
1138
755
80
723
1619
1664
1302
3048
507
2394
3015
2364
3271
1242
3108
3544
1064
2628
3846
527
308
3380
3321
2139
2400
2512
2619
1532
3740
2326
1900
3161
3213
2421
2893
1832
1696
1013
3712
1789
2335
1135
176
1125
433
3300
1744
2203
2562
1441
1963
1599
3316
3758
1181
3047
2584
505
3032
2109
2768
1810
3518
2181
2455
866
1897
302
1262
2965
1814
2579
1039
3798
3758
701
492
1257
3103
2922
1028
427
496
882
3530
562
362
659
3789
2959
1026
2493
1527
1681
965
12
3709
90
1354
3096
460
195
676
2290
506
2135
1702
3115
2022
1664
106
3656
1802
3584
1423
2203
3493
3387
3788
599
3733
611
2795
701
1751
38
2887
2107
2922
2175
2442
97
688
3900
1647
846
2665
1300
3538
3236
605
683
2149
1382
359
2335
1405
3847
2391
2123
90
659
842
1379
3486
781
2388
466
2149
3521
912
177
3780
3298
2324
1272
2542
1766
3457
2476
1507
3244
1413
2298
3751
2397
327
2572
3610
3883
313
3231
960
624
281
3046
1556
3413
1768
3670
3690
2216
2313
1791
2372
3134
3263
1948
2811
2358
3226
2338
192
967
867
4028
3404
2377
3791
3039
2069
1949
696
3941
2566
3140
3204
1842
2415
1695
2236
947
2092
3085
1998
2246
109
1407
1239
534
1311
2003
1467
249
1345
2838
2371
2639
949
339
2100
2918
2700
391
2502
2309
301
603
246
583
1940
2508
1701
1771
3748
1676
3867
967
3766
3440
2377
2879
313
3324
1956
3607
3891
2183
3899
1589
572
2952
479
3807
1143
2741
1567
3679
595
4020
3637
513
2479
1060
2395
3765
1440
1715
1913
1821
1937
1209
788
1638
2135
3003
136
478
3614
273
921
2221
3275
1491
3970
2785
1878
3182
976
2610
3813
1954
1399
965
921
1271
1745
2336
984
329
2070
3560
482
1599
2696
275
1672
4074
3938
2683
302
3350
1702
700
2311
1837
3544
72
1693
1896
1908
1831
1185
1015
705
1929
760
1925
1344
4064
234
3678
980
1291
3055
292
1028
420
3187
2118
4170
2618
1038
4081
1435
1676
1964
173
2844
2656
3945
2315
2027
1261
1207
2672
2188
14
2603
3171
1447
1040
1565
2153
2698
3397
1489
3557
2253
3685
250
1058
3933
2251
4029
630
2867
1961
2079
3859
3466
3994
2040
4022
1783
1095
551
2678
2457
3515
1319
1301
2676
2899
1739
3623
1443
1333
2555
3334
3802
241
423
3827
2260
1347
3742
1069
1673
3225
3758
87
2154
1995
4139
2118
2667
2726
2908
3852
4052
4249
1205
1367
1488
548
1156
3159
2717
3845
2890
460
2329
3345
1934
1324
3830
607
1159
3913
3031
428
3369
4030
3355
2994
770
2300
31
940
3137
1059
1789
3621
2954
1100
2123
1828
3862
907
2477
3834
3696
818
305
1911
1885
2759
2891
985
1470
637
4059
914
3050
4197
1748
3349
1670
200
2855
3374
1816
4023
890
3303
4324
4000
3384
815
867
3328
2973
4193
2867
1754
2742
3872
895
2228
3980
1596
2153
2605
287
744
660
3757
3760
3456
4115
3396
3147
4277
355
4104
756
1712
489
340
4302
3561
1441
2634
248
3332
2656
1617
3067
4350
567
2933
2305
617
3329
706
3337
3238
1167
3765
2318
243
1317
3378
3894
873
2308
4150
1558
2919
2906
343
2266
2247
1667
1502
4385
4360
3390
2572
2473
1936
3408
3600
191
750
968
1790
3081
3319
3889
1749
1364
2021
563
2991
4262
1826
1921
1469
3800
3287
2693
1951
2100
3223
3615
3660
383
2114
1097
1257
2974
1176
832
1777
2857
1506
4202
2054
2500
3131
3107
4084
3887
1587
2262
4213
2198
1927
976
1721
507
4103
4382
497
1005
1121
1556
2813
3211
3979
2138
966
1702
1809
4293
93
4252
3437
1875
1562
3640
1223
789
3650
2992
321
4422
3637
3891
1839
3384
895
1891
3499
3379
3126
3940
2701
1592
3058
1621
1989
40
1826
322
4179
867
4445
958
3261
1724
3599
1117
4333
4471
2086
3079
985
2777
2523
723
2806
4311
958
81
1996
2098
2052
156
186
867
221
720
3998
2969
1818
306
3763
219
1842
3465
1409
2209
1504
34
3651
390
2918
2761
4200
2308
3450
2658
2157
3470
974
1938
966
3468
3521
404
3433
112
2205
3284
2081
1698
3612
3475
1155
3232
1387
4353
3
1940
3326
2667
3892
1794
2666
4437
3502
4102
1140
4445
2830
4235
3837
9
2462
1937
4006
381
2865
26
3160
3129
4605
1615
4568
808
1921
4312
1490
2596
1031
3924
4260
2024
3208
4255
3321
4369
2042
4445
2150
2057
3495
469
1950
3670
4084
3644
3760
2506
41
1738
4374
351
1507
3958
298
749
2067
2334
2041
1768
2314
4065
172
3340
2368
1293
688
779
3508
919
296
2553
2851
2341
381
4534
2089
1595
464
2277
2556
784
491
2988
1173
139
4512
3681
362
1471
3285
2656
2575
1854
2422
819
222
1392
3778
2012
460
1187
2814
3901
2945
1267
4510
502
38
2323
3604
12
420
4287
2897
2352
156
3910
389
3099
4384
3261
1652
555
3691
1908
4350
3692
4346
2536
1742
3146
2316
1837
1899
4041
2178
1373
3143
2570
406
3353
3667
458
3857
3933
3348
2436
1297
3719
642
2413
386
833
1769
345
381
532
2383
2679
1276
3904
3685
4480
731
4748
3815
4279
486
4248
478
3272
985
1850
3201
2905
1355
1431
2290
2183
3125
1387
741
112
249
4670
3523
900
2840
2578
3143
619
1165
1494
1626
2142
1891
183
3926
4756
1804
946
4487
610
1507
3695
1837
2563
2323
3606
2428
4727
2183
180
3594
2603
4360
4703
3427
3920
3220
636
3816
1242
376
4688
3685
4129
406
2919
2960
1700
3828
888
198
202
2369
717
3583
904
4322
2260
3367
1752
292
4544
4721
2499
2112
2580
85
539
476
3267
3368
1623
3156
550
2237
1552
1442
2708
2526
3423
284
3287
1216
3770
4424
4845
2187
201
2861
3113
2239
520
2212
3953
623
4030
3833
746
2744
968
3694
2837
3664
2992
4757
1608
4091
268
2571
1287
2866
3566
2636
4226
3416
1263
2889
4508
1223
527
347
4060
2127
2629
870
3715
4839
2333
2706
2111
503
2016
546
130
535
2827
1102
1500
2444
224
927
3932
1778
3004
3956
214
109
1728
2458
2601
3710
1760
1461
2265
2237
2099
3480
91
4191
3060
3086
3314
2207
1463
163
3414
0
1010
37
1306
3557
2716
3098
2830
3773
403
3161
3899
1456
2361
2393
1794
488
3215
3736
4124
3745
250
4269
3624
3614
3646
3059
3022
4803
3725
2577
4381
882
406
2227
43
4614
778
4013
2223
2213
2993
3176
2982
2319
612
2525
386
1372
3770
1770
4591
3894
1057
365
1109
2261
4650
4634
2217
3049
567
1814
4464
4377
2421
2784
1633
4184
2523
1251
3876
1847
1514
574
179
3241
2662
3549
181
1148
4523
2990
1764
4655
2246
2014
1950
4207
4842
1171
140
3139
3678
4076
4270
2465
301
1417
633
3028
3770
3296
2051
1409
1771
970
1880
24
961
1100
1153
3191
1354
2460
1676
1353
896
1304
4074
2064
3183
3756
3440
1633
2408
4166
4063
815
2016
2300
315
2668
2421
300
1541
4037
1607
2651
4237
743
4605
1779
3972
4632
2023
4241
3128
3329
2010
678
1870
3086
46
258
4307
1322
3925
4594
1990
1166
1822
32
177
2617
483
2970
4633
2507
2451
4144
2039
195
534
2035
1569
740
1471
1040
3024
3099
575
4967
4436
4659
497
2477
4419
1522
1974
2042
1704
3069
681
4836
3662
820
4445
625
804
4396
1945
4240
4355
4122
4616
5080
209
4382
3364
2995
2839
1393
157
41
5109
2174
4148
4458
1307
3962
4379
657
1399
4046
834
2203
4052
3214
64
3024
3708
3085
758
2637
3140
4645
1350
4061
2773
1478
3631
2605
2913
642
4419
4864
3390
768
2059
3382
4546
1854
5124
5074
3333
4827
776
3444
3819
3660
4581
4048
4566
2579
2393
2237
2041
923
5171
373
1852
644
3841
907
4808
4510
1871
2001
4977
5145
2117
4075
3505
1953
2054
2008
3085
3069
2321
2220
65
5146
2039
525
3699
570
3158
913
3309
3899
3859
1861
4131
2601
5030
2494
1041
4811
3978
3825
4137
934
4904
500
3778
2543
4989
3625
1545
4454
2834
4087
4689
3842
2483
5036
1218
1791
1320
4388
905
2887
719
4153
3650
4963
4865
4915
2124
4684
3168
591
3672
805
2250
2884
986
4071
3376
1348
4174
4913
3527
909
916
579
3687
4389
615
97
794
2944
4476
4084
994
1993
2419
2573
1466
1864
120
200
968
4425
4241
2828
833
3241
2851
1061
1857
1381
5316
2167
1159
3322
1258
4501
1178
2138
1448
5155
105
5137
1848
3936
1517
3181
3411
1828
2347
3911
595
2897
121
914
1072
3673
424
1539
4300
4863
1639
828
3404
45
4536
2849
3841
352
1018
3534
1046
1544
182
2724
4329
3870
3009
2496
613
2255
4042
3062
685
690
1280
376
3412
4893
3725
1322
2348
3821
2348
1179
3208
3803
5318
5304
5374
143
473
248
412
5279
1168
2233
4302
3301
5316
516
4880
3479
2315
3664
2718
1584
1105
4390
2850
2000
774
5244
1598
1757
4570
5297
4032
4808
2183
947
1621
3555
4574
3880
4429
3850
320
2196
2665
3286
635
1573
3023
1561
3959
1944
2162
2256
895
2686
3802
2265
2715
1082
2370
5354
4581
5214
2106
2337
5336
4733
2313
4557
479
3051
222
2675
3917
2407
5075
2935
1534
5075
3620
3671
3771
4064
518
4542
2331
2635
2249
4780
3356
5290
1950
3407
1175
2688
5415
1230
4672
2352
2662
3080
2975
649
3148
1739
910
1483
3729
4068
5226
1547
4819
3312
4174
4975
5009
2176
3832
2264
2381
445
2971
3623
3359
2364
5478
1123
2213
4456
4275
3135
627
3350
2047
2396
4177
4661
2737
4013
2159
4060
3083
966
3565
44
2658
5495
3618
5007
2750
3594
2733
3371
4690
3753
3375
3820
419
1288
2205
2962
5076
4427
2447
2434
4862
3254
4104
4925
1200
3129
1559
431
3568
3346
3623
4290
2315
962
3981
1228
2645
5151
4091
1568
697
4481
3386
5494
3760
3031
2838
2997
495
3406
4676
3835
1440
3935
1510
3210
4637
4785
5216
2495
229
4826
3947
3949
4781
7
3223
3341
2354
263
4490
2857
1944
3523
3348
2439
3021
236
2031
4024
4442
151
588
818
357
5262
1944
3175
128
1373
3494
2934
4863
4526
3661
4735
1372
13
2624
5177
2534
2419
1035
2311
5411
3925
3965
1506
2410
2479
5395
2651
4192
3672
3042
574
3439
2655
4407
4674
3062
1521
827
3881
5218
4768
219
1623
4578
4076
4921
1323
3257
5309
3260
4469
4496
2489
805
2118
4707
3286
4314
2590
35
2097
2882
1475
1525
2243
2838
852
2299
5334
3545
1481
1133
1668
2678
556
2670
4556
3031
1523
3258
550
1864
4630
1062
3869
173
3054
2888
2530
3843
847
831
2772
4850
5456
4679
3446
5351
4291
2242
4657
5481
1655
4450
4344
4509
1647
1659
2706
627
3815
3652
1419
5132
1319
4030
4666
2123
4338
5371
3725
1535
1863
4506
1610
2402
1557
873
3671
300
1331
948
1395
4360
2569
4556
2219
4824
2726
2934
4265
5570
5629
3566
1580
3889
5684
1394
4761
2185
640
2518
4131
4032
3932
5763
4091
1341
2943
836
352
3008
5153
615
595
3356
2953
3665
2749
2138
173
210
4424
2824
684
3858
3283
2177
899
3875
4165
143
3940
2344
2943
729
293
4708
578
81
1612
675
1032
3104
562
462
3369
4035
4234
1031
1255
3115
747
3519
4171
1
4363
5178
147
4935
4430
281
4013
2949
5724
5710
3123
5166
4591
312
1582
3234
5279
2834
2344
3278
3663
1565
1209
866
5790
392
4147
4122
908
3282
1264
328
5727
4212
2293
5824
4170
415
5289
4347
475
4237
1383
1415
5394
5017
4072
540
4591
2941
856
5150
382
1873
2409
710
271
2670
2088
2393
2067
5066
4210
622
438
2611
3315
1983
5465
5785
3947
4941
1617
2531
1540
60
2529
2977
5349
5746
5602
4923
223
3406
3086
797
2278
10
287
2003
824
4150
5321
349
3879
5765
814
1847
2119
4747
2338
3454
3293
4248
1384
4430
4498
1423
5743
1356
2725
4059
4792
2350
5732
5285
1485
2507
3689
1519
3921
3033
528
4078
5778
4791
2986
5420
3756
3756
2556
1999
3299
1671
1079
4044
2840
4010
1060
3675
139
5608
3731
3930
2606
5712
1582
3709
3426
3415
4654
5434
3946
1915
1025
2459
3434
5561
5741
5962
4201
4524
1072
3744
492
3936
3412
1182
5760
274
5179
768
5083
1778
3463
2783
4646
13
1376
2346
1319
2838
3028
1674
4095
37
5444
207
734
3963
4827
3893
4020
5885
6014
2951
1656
1700
541
1230
4209
5234
5944
5836
5850
3998
5393
5192
4191
251
5439
1793
1910
5953
2502
2117
2266
5538
5499
2886
3448
3232
2144
5506
229
3833
4865
902
3271
5023
2493
1609
4744
4266
4719
3755
2726
796
173
545
2361
2130
3677
4227
1838
1486
5061
913
1226
5031
657
4862
1587
2156
3104
1795
4696
977
1542
5680
2939
5860
3015
2743
1132
4118
5402
3538
999
5536
2332
557
3678
2165
1813
5989
3151
3412
5052
163
2868
1864
1346
5587
689
4056
4530
3670
1094
1482
521
1364
1503
839
5196
1538
2781
461
1704
5449
2011
5956
2971
4606
641
6016
3468
1634
2490
1707
1379
5307
719
1438
1956
4725
1824
537
1096
4256
1013
2220
5402
2172
4010
3340
4736
5321
5393
864
4752
2444
4142
2961
533
3596
5157
2522
6131
2703
1116
2328
4564
3446
65
4699
1548
4991
385
3752
5205
1131
5349
5774
576
3152
4408
2260
5808
849
936
4013
443
781
252
557
5851
4291
1948
4367
5742
1754
3910
2086
2730
3330
3611
2698
4019
3562
5841
5977
4473
6068
4708
795
878
6177
125
49
4474
2934
3804
4399
4924
4143
2057
3717
698
5123
3808
2602
2112
4217
3164
938
4220
5746
2130
3032
2898
2910
147
5744
361
3117
6087
883
51
4577
2827
2707
1225
4151
2618
1031
2807
1359
1707
1816
4770
4419
1771
1839
407
881
4063
3591
3279
5154
1118
1990
2476
1989
6008
4600
3570
2364
2353
4440
4215
3321
4181
4739
6187
4643
3728
4027
5219
5630
5282
4843
1010
642
4664
3923
62
3686
5664
2447
707
859
4869
2115
1709
5155
3556
1855
444
4421
328
6063
4576
1359
336
850
5588
2739
6161
2804
3942
2201
2428
2851
3270
3774
3886
997
2304
3294
415
384
152
5738
3570
4712
3661
1667
3822
3973
1972
612
5701
4549
3600
2504
1899
4567
380
2890
6013
3116
218
2744
2351
1138
2439
377
6046
1568
1549
3925
2666
5264
76
2627
361
1168
5086
6091
1879
5950
4558
3085
5388
48
1110
402
3056
5847
3653
1375
5203
5950
5951
70
4788
525
6120
39
4533
5476
640
1784
2281
89
4289
4408
5874
1060
3423
2597
1190
5171
1571
4291
2535
3785
3608
1766
3998
128
2073
2094
987
112
736
5845
5427
187
2543
2427
5494
3465
1074
52
2525
3297
824
3156
2604
194
4287
4310
2424
3158
1583
4620
1192
2942
3150
3347
4136
3785
5811
5550
103
5716
1681
975
2829
948
2809
6230
5414
5275
4783
2997
178
6371
3820
845
6143
2337
1909
5293
5618
1313
3684
5590
4406
5814
2264
2372
68
270
338
1779
5210
2458
342
622
733
4349
5317
2815
2155
2194
3869
3253
2766
5290
3285
4186
3673
2271
5380
3217
2535
6269
3456
4833
2911
2835
6310
4117
4238
2079
1395
5947
2127
4050
2462
3414
1611
5293
4294
764
1786
5965
3209
4834
5445
859
6079
272
4153
3713
3205
3328
3194
6379
3862
5946
1845
2659
3272
3117
5396
1832
487
915
35
3107
4981
4168
5318
2086
1213
1015
4495
742
6354
5995
1377
531
5522
5621
4470
2164
4977
3037
3927
1640
4293
4322
3445
6037
1708
1477
6050
1447
859
4444
638
3708
1240
643
5077
5659
6025
4447
271
5560
3661
4203
5854
4855
1908
3347
4377
4452
1366
5994
253
2292
2657
4045
4039
6390
2204
3209
1941
3240
1805
1241
6393
1852
5980
5980
4978
5523
4180
6285
5264
883
2716
2566
3109
966
958
2556
5335
4480
6154
5672
1862
6315
3846
5300
4670
3599
649
5678
4590
4119
2144
3128
3096
824
2549
2675
3583
1172
1298
115
4571
3635
410
6013
5324
1334
190
201
4661
3713
4736
2263
3060
5008
4566
4399
4138
1524
543
4836
1282
2541
3123
4254
3432
5902
4656
2850
6361
1165
6413
6252
1551
5307
5245
468
1225
5815
5428
530
2181
281
875
454
4396
1573
47
1966
5362
3208
222
6446
1931
1651
494
6310
6034
3793
4277
6408
6180
3810
2617
2841
6334
6052
2473
5229
986
5574
5867
90
1905
4118
1358
5145
2026
1155
4336
3256
6624
3294
6295
4839
500
4925
5765
4117
4689
537
4058
6440
1900
4981
6678
1600
6356
4600
5156
3341
4499
2809
4547
4807
5050
1516
5022
6599
739
400
2047
1666
937
403
2683
247
3882
6125
4933
1988
2457
3221
4781
2619
4959
914
5683
4639
428
2014
1843
1116
5590
3567
4575
4469
1601
5704
5771
2552
2143
3445
2561
1527
851
654
4384
5907
1111
2164
6233
505
3221
2032
980
2316
4039
1416
4752
2656
6300
5494
2684
6729
1158
2330
2111
1018
811
163
1634
3933
3994
4238
2009
4081
4912
1764
6509
5869
44
5013
6095
6729
5970
3622
2782
3672
1867
6494
4361
1481
2745
576
5823
6199
6525
2766
2954
4945
3092
3785
3200
6789
2323
3620
4037
1062
1740
4620
1298
3792
2625
4713
1074
1965
5393
5796
842
3012
270
2167
2688
4990
3569
4781
1828
4646
180
4243
4715
5821
5396
4934
6866
5420
803
3189
5445
4471
4703
343
5477
5086
5087
1884
4438
3011
674
4556
1582
2661
6838
6020
709
167
2583
5400
4326
3821
1679
6523
1984
3855
4855
5611
4357
2229
6834
4371
4320
1245
1785
5008
2101
6724
1792
2099
1802
1102
1958
735
484
4463
5643
5278
6280
6727
6878
1101
13
5225
1125
6737
6154
4848
4015
3933
249
1591
5497
1231
3243
5634
3005
6777
6073
5012
6309
4722
1022
4482
4746
5993
3085
6468
3394
5291
2382
3126
5765
4826
1458
2345
2598
5706
5887
1833
1338
954
1823
1915
3754
4877
158
6295
1763
6000
4164
2379
6759
4757
301
1298
6392
5484
4464
4028
3496
3816
857
2972
4786
5572
3856
3251
2770
2868
4274
1870
1733
4316
6860
1671
3822
6765
6633
4828
6073
2687
4972
5691
5506
4651
4800
1261
3955
1494
42
3855
1542
3459
1500
6724
1625
2185
3473
5577
2416
5584
6091
3286
456
5562
463
4375
3505
3677
3881
2441
5308
1946
6890
1151
1307
5252
2887
2329
942
284
5567
5162
4953
4389
3296
607
5497
2909
3694
3984
6207
2079
5592
3339
3190
5400
5442
217
4257
4214
445
2996
2102
463
943
376
1554
6028
252
4994
3322
1506
1039
4508
1865
2245
278
4648
2821
2958
2132
4210
3003
1419
3938
3501
3879
415
5105
1566
4979
4681
3
116
3175
2001
1789
3164
1782
5990
3092
3167
3425
5744
310
1060
4333
6100
3322
6633
5362
4468
5477
5803
1643
5965
3482
6066
3505
2110
1638
5487
78
4597
6701
6159
6161
1437
3335
1106
1457
6971
670
289
528
611
1986
5035
1709
5920
3548
337
4061
5994
395
2912
6175
4187
5757
6837
980
2777
6413
692
5505
64
2272
634
1957
3387
657
4651
2830
2804
6388
2910
5706
5571
4799
3412
294
1756
927
1838
6686
1860
6023
2410
1940
2114
6515
6664
1864
4981
6870
2344
5655
6573
5193
5053
1080
799
1227
4791
4293
3885
141
858
2239
702
3620
2964
2671
1424
4567
4163
2239
1258
6385
6117
1127
3079
3826
4332
1830
4406
5439
3182
1728
4885
6814
846
2386
3998
5947
3484
2774
1074
2530
3954
2936
7189
4289
2444
2339
4518
1315
6982
2783
3834
2763
2206
4852
2684
2784
3179
2236
2292
151
2378
1785
4759
5003
3903
336
1991
5251
3823
3158
688
3623
5165
6783
1272
6620
998
1195
2083
3052
4126
5365
879
6475
4718
769
621
4322
4415
3170
3924
4460
1615
1430
1390
6117
2013
4222
418
5950
2707
1135
3037
6386
6523
634
3638
93
469
5033
1447
6694
6898
2091
1248
3945
3363
2244
396
245
5542
6424
4097
3242
1489
1732
6026
1450
6710
5312
6196
3312
2176
1379
3318
6230
2442
2023
1116
372
4328
5262
3490
3275
5081
3601
6478
2752
3640
1010
3489
2225
770
5525
2078
403
4144
5833
5081
111
4814
4987
3677
969
3608
3243
6424
1603
97
3362
6974
2578
4199
453
5091
2009
3979
1710
5805
6823
3294
3186
6058
5651
5593
6332
4767
3926
6725
379
4372
5157
1057
3522
4785
4036
1582
1953
1397
5881
4686
1053
3216
790
3744
7071
6128
23
5115
3592
2303
1748
1277
5076
3951
3484
2386
6227
1077
1799
5209
3386
2370
3535
379
4182
6092
267
3458
1760
4695
681
630
6593
1892
4163
5948
4558
4786
1070
4074
3117
3385
1068
6339
5080
843
2799
2175
3177
2110
1350
101
154
6211
5760
6404
2680
1400
7183
4603
4876
160
5140
4257
2922
451
5019
6557
7013
233
4481
4160
6938
5902
5889
7315
5486
2946
1948
2692
4627
6675
3464
5910
2468
7440
4416
3465
5261
4093
6433
5398
2806
3004
4965
1101
6613
7201
6301
47
2164
3708
2664
1525
2104
2819
2531
1404
5759
1375
960
3557
5320
2140
4157
3808
5168
703
1299
2330
1747
6453
1057
1633
6411
814
3046
4266
1089
4873
1880
6450
849
5135
5790
6075
5948
7131
5938
4820
7319
1292
7284
2324
2326
3338
2549
5988
580
4805
4964
2406
591
6340
5218
499
5477
6222
5543
1378
1000
2677
752
1652
544
7220
3277
3390
4218
3674
5742
4249
298
950
5814
1087
7401
3583
4634
716
1270
5904
2636
1723
6590
6329
6750
5138
4583
1880
1150
184
6294
6161
3361
722
3670
4354
3236
692
4289
6972
4372
7056
265
6780
6499
68
2970
4984
7127
4000
7461
6676
5245
1134
3841
4039
6173
3323
4042
3884
5304
1586
1380
3158
751
1414
4516
811
1760
1881
1261
155
6374
7212
3354
1776
5966
1298
18
4555
7438
5601
4163
7336
6429
2121
5196
2827
1142
437
5463
6691
5232
850
3620
6980
4443
4530
6117
1813
289
7181
1438
6799
4562
4661
1552
3544
603
5537
5402
3279
6655
6924
125
3925
2763
3841
2829
3105
6721
7039
5283
5150
2284
6096
1452
1411
6834
2832
4059
6772
622
5931
6029
5591
3534
4125
5283
4011
6881
1244
4614
6926
6272
5031
3072
4971
3015
4859
5775
5301
6060
4392
3245
1715
5808
5586
815
4510
1198
5488
3347
451
6989
6502
2527
3190
2822
3472
6039
3733
4417
1370
2780
7160
5209
4044
4680
1874
3123
3398
7227
3929
6757
5024
3651
2899
7561
1501
2281
3251
6331
1247
4619
5012
4601
3837
3318
3602
7569
7208
4772
502
6144
6760
7384
5336
2644
4917
2604
7726
5421
1208
1912
2501
6833
2006
5578
3685
7590
6378
1491
1982
3243
553
7377
4384
4541
4153
6437
2799
2435
2283
2908
6887
2134
980
321
1313
5535
5105
1118
7688
3953
5862
4230
4780
3514
554
3769
4055
76
1074
1992
952
193
7010
5042
3989
1462
6981
7470
561
2378
392
3901
7476
4410
1125
537
1670
7671
6243
2679
3544
7469
5561
6424
6124
4914
6976
6456
1201
1005
4520
6332
1814
7620
4704
723
3746
5065
1979
6212
385
5285
7246
7074
6780
4571
3586
5568
3064
3533
1673
7496
4127
7619
6010
1867
2040
6010
1197
6246
1618
4561
1305
7843
6857
284
3658
7729
3683
430
3803
4715
2733
5554
7714
4841
1235
2169
1777
7498
1304
7634
6231
2083
3144
6493
1561
3857
505
5915
7151
5737
2371
2990
7735
6932
6704
7172
7553
378
4922
3460
968
7906
827
6299
4090
158
5754
5395
4970
1031
5354
6080
2823
3394
2324
5329
547
2637
471
6095
2740
3656
6390
3872
4140
3507
7041
6829
1782
2429
3475
3623
4820
7474
7015
7879
5917
6156
5033
4479
7540
533
1391
1442
53
7722
2660
399
4489
326
2012
5840
6652
2980
1259
1217
1120
1355
7697
1235
2744
2444
7828
2020
6023
1161
6819
553
5546
3472
7486
6850
7135
849
3321
5080
6780
