0
0
2
2
3
3
1
2
7
5
0
9
8
13
10
10
10
15
1
3
2
18
4
9
24
24
7
27
6
25
29
30
17
22
28
12
24
22
34
0
22
0
15
14
33
18
41
33
0
2
35
24
47
52
50
27
3
52
10
30
28
51
52
38
12
45
59
65
51
67
42
6
64
47
71
2
2
32
31
73
74
77
51
38
66
62
44
56
45
73
74
4
34
52
81
41
2
65
70
98
51
77
98
35
95
28
25
88
26
49
77
97
32
42
11
65
0
10
81
7
110
117
109
110
32
23
51
1
36
104
49
1
63
29
69
52
47
64
69
21
49
113
57
43
31
125
116
136
46
30
144
150
131
62
58
21
33
110
63
18
124
47
136
88
107
114
44
148
2
73
19
166
132
119
16
74
62
89
128
42
63
75
127
144
75
22
135
28
55
47
77
40
3
86
137
50
108
5
46
191
12
57
185
49
59
137
21
118
111
33
64
187
73
136
96
196
107
15
187
130
45
1
126
222
88
171
136
206
59
121
29
161
145
139
117
73
3
140
82
130
9
225
233
214
190
13
77
200
218
91
185
82
194
191
110
1
211
45
131
194
86
43
244
112
226
127
62
46
167
246
227
15
13
119
232
44
34
246
240
46
272
270
17
61
33
169
278
198
216
188
8
236
11
284
211
127
196
57
48
56
106
245
43
176
80
80
194
169
299
286
230
256
154
273
144
272
219
18
94
167
151
202
129
308
311
225
193
143
221
149
36
281
263
182
212
262
11
75
117
116
84
192
105
316
332
201
18
346
90
321
36
106
241
212
147
328
141
42
283
165
205
111
102
255
146
230
4
287
112
341
132
300
352
195
267
37
46
310
129
69
45
23
21
29
307
177
222
132
363
310
377
341
111
97
67
388
246
235
286
22
77
207
386
198
365
58
380
94
195
372
14
322
256
166
111
145
284
224
357
377
220
212
137
96
323
230
62
192
137
61
127
277
294
340
241
385
331
206
221
322
6
421
265
393
208
133
124
32
342
324
12
118
423
443
174
132
1
212
216
278
119
290
458
181
121
348
127
211
277
384
323
224
208
258
469
356
227
73
394
24
135
11
129
47
182
202
169
482
98
157
304
291
122
303
218
87
276
290
246
23
24
347
266
179
370
253
91
45
55
337
248
13
28
331
234
129
113
311
178
13
64
488
60
237
211
480
380
58
215
37
361
346
34
91
92
115
121
303
207
391
411
254
106
106
306
47
97
518
127
57
400
50
96
248
461
132
396
217
139
523
187
129
504
558
369
82
79
37
39
179
175
190
39
275
503
444
413
414
77
119
524
320
549
386
46
166
463
449
460
507
226
505
317
281
509
14
288
241
536
87
155
34
75
313
53
353
596
290
532
76
471
576
473
298
20
286
261
473
557
131
402
142
76
554
411
243
367
92
174
448
488
585
246
491
390
415
50
5
235
236
207
311
386
296
93
37
151
275
282
647
247
583
302
363
375
374
73
114
610
106
561
346
625
223
601
463
532
210
322
119
618
593
169
589
75
452
88
568
219
574
443
381
578
3
133
48
386
557
295
548
353
348
166
363
435
353
12
531
352
24
11
471
648
558
522
316
284
669
604
511
284
469
696
647
703
162
283
528
705
311
269
425
369
645
408
551
392
508
229
231
529
688
50
617
503
352
78
95
344
423
687
453
407
315
586
588
67
101
35
88
679
635
583
314
338
646
605
677
716
541
195
177
236
384
213
103
26
136
17
291
256
441
176
622
134
661
755
187
12
448
83
358
121
81
778
721
75
487
79
287
548
458
571
254
373
238
165
708
436
88
523
488
675
336
498
92
105
629
504
423
167
586
370
74
115
461
237
248
465
806
687
313
153
469
392
61
734
234
729
218
600
322
149
219
406
237
462
367
615
296
562
418
168
288
457
373
479
7
201
749
86
434
745
405
375
50
499
436
119
247
517
140
769
810
162
555
8
865
47
192
75
555
323
857
322
534
804
721
573
529
389
210
824
364
313
866
742
834
502
705
694
613
206
376
875
344
414
389
276
890
766
61
827
479
547
590
774
630
546
295
48
13
845
682
375
40
804
328
286
434
469
350
788
319
545
847
320
237
923
70
43
129
260
113
204
487
429
578
102
466
874
583
637
511
636
553
675
96
102
394
733
39
944
272
632
555
852
208
283
500
698
923
227
673
11
739
562
134
709
654
658
254
320
445
426
665
523
188
181
213
744
485
782
958
523
535
428
8
891
928
282
810
751
670
180
588
946
264
881
337
860
811
285
874
260
399
663
17
770
118
389
708
597
554
10
847
297
183
324
671
648
159
128
390
997
281
375
307
751
567
299
283
727
275
825
533
986
465
961
5
480
944
840
783
166
883
893
158
468
39
331
487
265
178
371
810
452
1007
574
803
561
117
2
428
115
297
768
494
277
549
283
123
1025
989
867
1051
963
748
612
636
10
62
921
92
928
615
472
1083
980
1065
1024
682
90
914
1029
625
518
486
580
684
906
523
623
767
545
936
562
612
988
100
747
304
87
590
901
929
224
669
261
423
1094
269
607
201
969
473
578
103
395
247
220
550
819
118
867
112
902
1040
570
721
260
481
867
518
1010
1098
217
663
98
1114
389
764
101
23
677
163
1021
575
786
287
530
371
790
158
122
240
1106
851
1156
1008
268
948
175
696
566
1083
111
28
636
167
183
799
86
553
70
767
1012
183
455
590
392
606
268
350
570
1022
978
1043
547
33
1028
578
1122
1061
1173
978
205
219
167
52
907
1075
95
571
817
214
1059
950
1182
745
20
1035
660
643
1126
409
1043
333
1106
735
976
620
337
476
601
991
951
503
387
506
1084
511
964
1126
719
972
1050
46
887
99
1050
372
508
183
1121
1051
348
866
1222
918
312
544
781
1073
166
866
1257
848
559
571
954
651
806
501
1000
660
705
343
368
703
1106
1212
98
1276
171
443
928
1006
627
638
1283
207
510
392
530
1173
1017
203
986
1203
912
547
654
737
420
368
382
994
677
458
848
1133
874
1180
329
867
692
249
1188
252
223
1070
1216
566
1144
421
385
939
1272
1220
1132
435
201
884
1035
417
371
1001
528
271
1035
75
965
1217
613
754
1230
596
466
838
1233
1036
702
131
451
1078
368
992
759
483
1126
568
1178
345
136
942
1345
804
529
403
469
130
555
1075
600
1219
855
97
235
950
803
1218
282
497
82
663
1164
986
294
444
1019
1376
950
255
359
979
1387
1341
12
475
840
157
470
644
647
73
1298
824
1068
827
225
798
488
852
1154
1092
697
673
448
678
59
1182
789
735
833
14
658
452
285
533
887
454
283
888
906
1014
520
164
1062
628
714
284
1291
62
506
841
119
872
595
383
1442
548
1087
497
1307
605
1302
109
510
390
109
1259
948
1222
774
342
1392
733
1204
92
342
884
686
1068
560
1044
774
7
244
533
599
927
927
539
182
566
476
866
533
365
415
1438
394
99
805
1286
433
976
265
1471
999
651
1425
1269
217
1277
553
1096
1182
693
985
127
684
989
164
266
388
1056
426
1328
183
1429
568
573
1466
465
1032
678
1178
1443
1123
423
56
1311
1344
179
202
521
88
1392
48
1478
775
1094
1422
623
463
961
1446
499
130
540
785
1529
192
60
640
1457
734
974
183
332
954
16
1010
39
1175
897
955
512
611
967
556
691
1214
929
51
898
812
883
1225
359
1282
1145
546
1135
636
181
1285
649
853
454
953
707
491
1446
609
1444
408
326
1001
886
1073
1389
1468
894
495
1364
407
1391
369
1450
69
1202
115
691
227
990
1434
666
958
304
310
489
225
839
443
302
692
528
736
395
1354
1542
17
1579
1491
626
783
459
1230
1183
1202
329
1561
732
964
629
1532
1343
771
990
817
476
944
115
205
431
883
1088
167
1091
929
1077
272
916
645
1339
290
1196
142
1432
1560
371
20
1262
430
1303
1651
528
305
1103
45
696
1454
1648
1650
1505
347
388
612
1484
1430
1408
1180
690
1672
150
1450
1188
144
1217
1339
646
863
1590
381
713
34
1542
481
435
1412
1099
1490
1479
1382
806
1654
576
117
1071
742
907
1453
1542
1142
1276
249
1108
1707
1379
902
554
1409
55
1455
593
683
1614
132
1418
1293
404
1258
1000
1684
1237
668
177
482
768
342
601
1451
391
284
422
1364
955
598
1223
102
713
793
887
419
666
21
1683
618
92
754
1262
1533
1120
1164
974
1254
954
229
1698
6
1200
1683
738
1327
1569
518
642
875
1506
1620
1017
518
1454
280
980
607
1548
336
1590
1719
251
1253
1544
1633
1275
31
1261
1289
901
1690
253
1037
1417
363
931
1643
1028
783
1250
525
704
1266
653
255
1432
1797
1409
744
184
456
1686
189
796
957
1155
1339
380
1431
1557
1174
415
327
1729
1267
1699
1437
984
532
900
843
951
522
192
1351
1248
1423
1579
1792
1758
897
271
636
269
749
1795
617
809
392
1415
1612
55
742
610
63
964
1245
121
221
687
1123
1113
1879
913
282
1442
330
1367
1485
401
1379
682
1750
890
1363
616
1259
938
340
1771
861
1073
1026
194
1502
1544
1201
858
1183
578
1199
1467
0
618
362
1745
1492
618
1652
790
420
247
812
265
1655
724
1541
1628
1266
1711
1572
1241
837
883
1112
538
1843
1927
1071
1770
1511
1041
441
1324
303
585
319
1050
841
1293
210
981
53
1120
258
1177
179
496
662
1251
360
1829
570
934
918
115
1461
542
1916
786
283
351
1886
1252
203
1455
892
1097
621
854
126
1170
1841
1712
389
1285
701
1114
1018
1528
1210
1291
1052
464
1695
1209
1118
970
1777
1595
587
591
1285
268
1726
1164
1783
353
1958
663
1489
494
392
140
696
515
1582
896
1947
1956
1239
698
1101
1103
1949
750
415
1960
1008
548
497
824
778
515
1437
36
1351
1761
105
1346
206
204
612
975
1021
413
1987
902
1171
444
1360
1364
1743
708
2038
1517
1209
312
900
271
1320
955
199
31
601
1010
1064
1277
1444
288
1083
1674
2013
683
1485
864
1872
29
367
916
984
1654
494
1565
1753
1899
1389
378
1529
904
1392
566
1855
2051
540
260
504
750
803
194
1313
1529
558
152
1653
711
806
1730
2036
529
1410
555
598
1342
1930
1726
1912
355
1232
1456
193
1314
331
362
1118
28
590
825
509
393
615
137
913
1648
1817
1789
66
1235
1227
1832
1504
1275
1659
622
788
797
451
1178
25
1176
1520
1153
9
1556
1095
865
926
1105
1640
774
813
2119
862
1476
1953
493
752
743
365
1842
1312
2118
2011
507
294
1988
1774
1982
1778
1970
2124
1086
1273
526
1353
1255
571
1448
1775
2132
1045
490
2036
1551
467
1327
424
1817
500
1753
816
1559
703
160
2119
1617
1287
1938
1196
168
472
1070
536
1855
694
753
1955
938
1960
2162
56
1243
1533
1171
1322
237
1638
320
289
305
2197
1437
63
741
1597
1253
552
154
1102
319
681
901
1677
1981
1790
2067
191
337
889
1762
1045
132
1099
1186
128
1621
1757
427
1164
1053
1782
1575
2121
1950
796
285
776
830
391
743
1060
470
1604
2132
1885
2088
1222
2028
906
760
1275
836
1130
130
2115
842
243
119
1171
2168
24
1724
678
1302
179
750
678
1823
1415
1248
1765
1390
608
2294
673
788
22
1152
2106
1743
1250
1568
651
1851
2190
1393
1997
1911
1264
1942
1711
926
1290
1745
1978
442
1627
1638
1911
999
664
582
498
1735
1073
1811
1610
351
237
776
1377
29
1383
1694
1630
155
81
332
1894
1826
708
2069
116
531
1081
2169
1804
63
1798
384
1451
2335
2136
1796
917
2348
1938
1494
579
2345
710
1884
1289
863
1855
121
973
1619
1826
2134
718
822
1688
1147
2056
1935
1404
1542
1513
1654
668
1420
1666
1203
1104
1993
752
489
1906
364
323
292
1706
2181
183
88
902
1999
1994
1388
269
1077
409
362
211
1629
1443
2152
411
2122
2227
119
2213
2157
60
2068
917
2038
1272
665
1326
649
708
1035
2251
693
2308
165
1006
794
745
2168
2241
2408
2051
1673
1596
414
825
181
726
576
2402
550
2074
364
2191
1546
670
181
295
1559
2427
418
1967
1703
1987
1459
2442
2416
580
2048
160
1838
1862
1529
1163
2160
2438
538
1799
889
324
1232
1354
108
1609
1509
1461
1537
2209
2423
2189
2036
2450
271
1675
887
2218
175
949
1544
1934
2082
818
37
1701
56
950
1948
1488
13
243
542
1108
1963
532
1964
1852
1101
293
1941
2219
196
36
1252
36
1481
401
1343
491
1270
1890
2202
2151
2
1831
818
1504
606
1945
442
966
1264
1047
548
2367
568
30
1910
1453
2484
400
2224
1212
2471
904
2369
131
367
466
649
61
2212
1248
355
2255
1517
1446
2238
2375
1817
460
731
2123
1005
2202
2342
390
2173
744
1552
406
857
837
696
196
1939
2259
2018
811
2098
1721
1385
911
315
2093
356
1503
182
673
2434
43
1866
1440
1915
1186
81
2246
1864
1674
220
2461
1033
962
625
7
1234
1382
1603
730
566
606
36
890
1219
2177
1260
675
722
1475
536
2278
1635
2027
2036
399
815
1069
199
509
2029
502
587
1711
2460
678
2326
1604
1357
962
1710
457
1629
877
1245
2383
2330
572
2528
2040
136
2545
2165
44
998
2032
1776
372
2045
1816
1395
758
1755
2142
194
881
2668
2021
1903
809
2052
1032
1673
1232
632
1992
1631
1410
2680
2038
1150
15
2380
2296
1210
645
2043
108
1847
15
2396
1555
115
2324
1677
1095
2287
2097
2301
1930
2317
598
2003
385
118
2468
2341
805
1711
1736
2552
839
1803
1862
416
1661
319
562
2595
1692
1600
14
1465
2545
2226
580
1956
612
1199
946
2604
1639
423
683
180
2741
860
2621
206
112
34
2646
13
1186
2105
859
1316
313
1950
966
1333
293
389
1098
1812
722
343
778
1772
568
1392
359
27
142
1015
1174
415
2009
2472
2673
2122
572
1864
1545
894
459
1717
1662
2092
339
1290
1031
1491
866
463
481
602
1785
1105
476
38
1505
2255
1453
110
1041
1290
2708
780
1499
236
929
545
2712
331
1633
295
167
1672
1875
1947
589
2079
442
968
779
1958
2533
2745
861
1281
7
2177
1671
445
1666
2797
2551
1053
1814
599
1550
2342
1821
1152
2195
2226
2613
291
2701
2552
301
2603
593
270
110
1070
746
2408
800
888
2292
1820
1330
824
727
1858
389
794
1091
460
1811
864
1596
2673
2452
939
2591
994
437
1854
1203
953
1918
1453
529
1559
2647
1438
2252
1366
1857
724
1421
495
1765
727
612
1367
1145
2312
1965
2612
762
2211
1725
1558
1924
1078
1839
986
170
1286
940
920
321
178
2540
1762
1133
1471
1209
1606
2729
2105
1765
1057
244
1663
360
76
81
244
2131
644
2125
1117
774
493
180
1290
447
967
1105
71
1030
2666
420
1343
2903
1375
2598
272
281
2331
2597
2814
419
2164
2060
2833
1070
2392
2413
1280
2341
1088
2779
2945
897
1703
2937
68
1807
2264
2689
461
1023
516
2730
131
2466
151
1694
2838
759
881
220
2760
790
1616
2983
865
369
2029
1279
1386
838
1755
2140
262
2843
1423
636
185
1630
2288
643
152
1922
2132
2587
2367
223
1708
2196
2114
654
290
2164
1365
1571
668
1816
1056
2030
1926
83
1620
835
17
2717
2984
1485
2406
1136
22
79
1897
511
1948
1495
453
3002
2393
1901
2675
2380
817
745
201
1669
1358
229
1
300
2393
2369
1217
128
1544
1234
1727
1190
627
2286
1654
2938
1723
2810
1337
594
2258
1367
961
2153
2976
2222
761
351
417
112
1670
1652
2053
2903
1441
931
2589
1489
890
951
1652
2241
347
2472
3086
450
962
2115
169
2299
764
763
311
1173
1215
1816
651
3070
471
1947
1246
192
453
1734
2436
1479
1365
1964
1539
1010
2557
1361
636
1430
2314
3052
2113
2246
1778
1813
198
964
3023
1568
1777
2699
2340
43
1049
991
1776
1447
1991
1199
2997
1400
472
3119
418
922
595
1622
1426
2199
2604
1854
2950
736
2045
424
1872
401
842
1831
2056
2998
2086
930
2743
2381
1059
938
1574
1642
692
919
689
315
2553
1954
3173
554
2030
1236
839
40
1591
3105
1568
1498
2314
2222
547
963
405
2596
644
2667
1827
2393
2718
1878
1247
2836
177
1894
2376
765
126
2256
1852
1860
1141
712
2946
229
2798
2957
1953
2786
604
457
1995
733
1491
1919
1237
589
711
721
1765
2192
2075
862
2689
2235
757
2331
306
3026
3051
1098
3095
331
1532
633
1867
126
636
3030
759
3229
363
228
2445
2112
3026
2885
618
1980
130
2147
1084
352
3046
299
15
208
1553
1151
1265
1618
988
3018
1941
903
3058
532
2166
717
1368
732
2578
213
3034
1547
1169
3198
134
3204
1076
459
1028
1149
2837
1058
1329
1321
2532
862
3029
421
2124
2889
3037
2344
3219
1062
1427
2449
1077
2823
2467
907
1837
2593
943
1194
3107
980
1637
1272
2407
1556
1727
300
3206
424
2717
1916
898
1082
449
680
2596
1623
1340
2290
453
566
1179
3282
2653
746
753
2611
3279
1884
1405
394
2646
2027
805
196
594
411
1912
760
386
764
1822
2265
388
1923
1329
1779
3346
2446
1574
848
1516
2616
1173
254
669
2473
3045
2544
1487
2267
2344
1789
517
317
3231
2962
433
3296
2854
2219
838
1881
3221
210
2734
288
3345
2345
852
701
2865
1340
2108
2336
2882
41
1094
3364
1234
1781
283
1023
2517
1351
1537
67
235
2259
2562
2508
2444
1196
2593
542
626
1884
2599
340
2663
1193
1051
1171
734
1365
2466
1334
3140
1622
2416
3011
325
2801
1379
657
1734
3016
3223
2563
38
2979
2081
1901
1300
2068
2771
2765
2361
2619
1455
2263
1178
180
887
1476
43
308
1565
17
375
1439
2171
2488
914
1874
3185
1330
1313
411
1191
2891
1226
1810
2811
2030
316
2419
1677
1807
393
368
2071
1060
162
3371
3107
1707
2858
107
2467
2324
1243
1718
3106
521
118
776
492
1045
2695
3209
2517
1665
1078
788
2135
17
1173
492
74
2408
2340
1348
454
2193
1266
218
345
2976
344
3031
441
113
1516
2754
842
931
3001
754
2365
1849
338
3247
3464
439
2367
2662
3355
1142
443
3383
3427
1461
532
1679
3417
1958
2044
346
3444
2192
2815
2671
2136
2185
2757
1080
3536
2443
2427
758
3212
2957
2884
2265
2752
3450
1820
2315
684
2160
163
875
1390
1836
1241
2739
284
2085
1244
3164
2847
627
877
163
243
621
862
356
985
1497
1785
2526
525
519
1697
1575
1537
1953
1917
733
2917
153
2848
1155
3583
3513
1421
141
2858
2274
2444
3528
2115
2120
1228
298
592
690
1763
2066
3168
428
1362
92
2246
1783
2354
1450
328
2676
3506
1210
439
1638
1434
1085
608
2182
1004
661
715
2184
2671
3284
3092
3489
515
1680
2438
1802
1674
3223
307
3491
3558
1564
1084
1684
831
1174
1546
128
1624
1192
1932
1269
1774
3476
1052
238
1133
1535
2745
2628
1463
3405
2214
1630
1419
2318
487
1755
197
1302
2729
852
2201
1184
721
1559
754
2445
1460
2113
850
2808
3147
2667
913
3584
1954
2907
1265
78
3380
496
3036
1238
2082
151
3076
1959
1881
129
2248
447
3187
2602
2223
3474
3385
3535
2829
3688
2114
3653
3615
2313
1069
1322
1069
1641
1920
135
575
3066
3576
1593
983
1448
112
2922
2678
731
2688
1660
297
1968
3328
2645
618
3066
1716
1222
186
2982
3687
1456
3742
2707
3237
3695
2672
845
2422
1098
1340
3587
920
877
310
870
2304
1571
1946
1333
762
143
30
2119
1783
2195
2885
2387
3501
1892
1417
1151
3532
2516
886
3317
1965
1095
508
3128
569
310
1877
1605
969
1902
3713
2929
1942
1462
1911
201
1286
2542
650
1966
483
1445
2948
1912
3126
2844
1495
1304
2327
927
333
1603
1299
1118
1111
1152
2281
1949
676
586
2976
2384
2171
1138
2540
837
1431
2666
242
1656
3469
3023
955
2535
1030
1952
1710
2938
1540
1482
3657
3757
898
1123
1948
2636
2185
2930
1901
388
1951
1263
588
928
95
3822
2593
3517
2912
2700
447
3398
2476
3865
1962
1971
3441
1073
2657
1693
2675
3095
303
758
2280
2855
120
2978
1310
854
908
2201
556
2518
432
3508
0
3593
936
1933
798
3001
299
877
3622
597
3165
790
2138
1105
204
1433
243
997
1484
2722
673
239
2261
1220
3830
200
2142
2597
1398
985
1807
15
861
1560
3118
2987
123
2038
538
2760
2228
2707
1169
3210
2342
2733
718
2513
3355
855
266
1112
1716
540
531
2544
355
1520
1076
57
3874
2038
2219
1752
1202
2268
1454
25
182
409
80
1287
3137
1325
3660
3754
3588
1746
1661
918
1304
1823
2903
3046
1456
1918
840
3092
817
1280
2234
2863
2983
3246
2854
3135
2674
517
1726
1509
4011
2511
134
1592
3899
2054
2146
608
3201
814
190
1444
3915
3529
484
3876
2161
3959
971
2493
3993
4003
3528
1830
960
1023
2790
1923
3016
2560
3568
3342
3582
2750
2444
3431
3738
3306
1602
3427
2308
2426
2804
2184
2591
2528
3709
81
3851
2865
687
1003
1469
2758
2345
1321
1281
3368
143
3148
903
1516
454
2580
700
1026
2260
1744
3991
2891
3638
1586
2898
3349
2004
1976
413
847
2426
2584
4087
2954
888
506
2650
463
3963
587
3766
1656
3426
1682
1682
62
2180
1892
1636
3441
2834
1864
975
1395
3079
2234
2605
3016
3666
1532
1365
1968
753
276
2393
3496
1265
551
1161
2144
2676
3154
1481
1539
1527
935
1378
2745
1289
1427
499
1909
3804
403
255
1792
2575
2777
825
2490
2549
1020
3486
2760
287
187
292
3260
4156
618
435
955
869
4063
249
3400
3058
3422
2015
264
1402
3621
3856
3720
2282
3845
3795
4136
3480
2735
2134
2943
2613
1376
502
3717
3693
4113
725
1858
384
1184
3129
2392
2429
1931
1383
2052
954
44
148
1945
2220
1055
3583
1015
3542
2994
1008
2258
3286
2217
2325
2731
2569
2994
1911
1655
1140
2131
1144
3817
2426
1268
539
681
2677
288
2119
3911
247
1742
1696
2974
2470
2445
1786
3328
348
818
972
724
538
418
3514
936
3687
3300
219
2363
1804
578
599
2507
2109
1949
3746
1856
1560
4093
1902
3796
3326
3362
191
1598
459
1529
2515
3982
1406
1206
3885
231
619
3889
924
746
3718
3230
3096
333
2866
2872
2917
3998
1380
4073
2877
2618
3520
3085
3962
82
206
1501
1817
898
1909
1931
3754
3635
1878
3458
1604
721
472
861
717
3091
4189
316
3201
3660
3035
3882
2291
2207
3804
228
2013
3762
354
3731
4063
3658
2362
3135
699
710
1745
737
3901
663
2930
2544
455
845
244
1003
795
2694
2071
3487
1496
3511
2266
1501
2576
299
585
1515
3243
2004
974
1907
3181
1822
1976
803
3781
1427
779
2096
1165
1933
232
3323
1758
2264
2727
3936
2671
3747
2843
1206
3048
2165
2437
401
4194
669
905
2967
1155
2820
568
2062
354
3703
202
1866
939
2733
3963
3134
3318
2592
324
4108
550
311
1246
30
1189
1686
420
726
3885
1957
1990
743
2416
3793
450
3020
2082
590
3105
3891
1854
821
3740
2481
3308
3821
4144
2258
4093
3016
3977
2983
2777
2260
1052
468
3778
724
3910
1057
3201
473
223
847
2511
3130
1581
2368
3451
3959
645
4129
3670
3752
1768
2073
4120
4308
3977
3688
824
71
4151
1245
55
4320
220
2480
3486
405
2206
3299
1385
368
4469
3533
2867
3128
3657
3568
4056
2588
3261
4462
3293
1330
415
2656
2397
3835
3033
340
1830
371
3589
1489
210
1808
3933
894
2769
3595
4343
489
886
37
3689
1417
1055
842
3135
1069
864
3112
2596
4390
2289
915
2482
4137
615
3763
272
2178
300
1370
2919
4030
3792
1651
3741
3775
3775
3729
2059
1671
3502
2704
3753
3737
1866
1725
3821
1989
2983
1982
3054
411
2201
4322
842
3075
2783
3936
2959
2294
1446
1261
3071
2145
1625
3674
1887
2975
1894
2785
4564
3700
2360
1812
3219
958
4255
1133
2957
4526
1326
4143
2219
2767
3809
1670
718
3642
1757
2418
4177
2985
1075
2778
2105
4144
4265
2739
773
1772
794
965
823
598
3037
4438
2768
4550
3826
192
993
4121
1439
1582
1352
866
2976
693
3037
4502
570
2970
4245
2536
1995
2079
2348
4457
560
460
857
3656
1371
3247
1028
1320
1176
1982
2032
701
1151
1032
1156
1363
3487
431
2184
1702
1693
2318
2540
1547
114
3001
3496
3988
4182
1238
3601
62
1042
4495
2004
1612
3476
1432
1625
4089
3012
1345
3430
4577
4655
3032
1177
779
3618
289
4171
2161
4567
1582
1739
2856
544
3102
4441
3000
4262
586
522
4668
3386
114
2437
415
619
1740
2282
2696
3173
2966
2083
1466
799
3026
4683
2905
3825
379
1459
2612
1253
1591
4056
4364
2470
2948
4267
1616
3701
2907
4363
3040
2280
674
1895
1696
2683
4627
269
3965
4055
320
4178
3435
1255
123
1168
3999
591
1854
3429
1162
4054
1047
272
3017
4574
2943
2446
853
799
2425
218
4740
1856
3091
4415
4371
868
1005
3148
1902
2701
575
1691
4022
2327
3177
4176
2086
3336
1901
427
2071
220
14
1405
4747
3425
2850
4514
2974
3450
1648
3769
2014
2807
3618
3120
3887
3323
52
3122
4103
689
3604
173
1309
681
1855
2643
1925
169
2817
4157
867
4530
3258
3839
887
2938
4810
4271
4417
23
548
726
2274
3944
740
2187
423
1479
3853
562
4212
2245
3981
2219
445
3
2632
3851
2498
3901
2891
3300
461
175
719
3912
3578
3677
179
1502
4306
1372
3469
1217
3726
4549
156
3100
1719
1648
1526
2360
3673
3318
59
2336
1131
480
2414
3315
1438
1117
2129
3435
1484
1899
2482
406
122
1352
1320
3832
690
3874
2217
2200
44
2806
188
4043
4693
1307
12
677
4522
543
3041
500
432
3809
3956
2211
2929
3670
1332
4065
2486
2834
497
960
1529
445
4154
310
394
2917
3316
4702
3128
4395
2084
1506
3775
3902
4118
976
1492
1342
2634
1009
555
395
4144
4416
2181
3322
813
2845
1856
2992
3493
4096
3044
119
1153
2597
4539
3034
259
2519
3416
2609
650
4540
884
271
1172
4668
1963
4005
1840
4424
2726
3985
573
3992
2116
4058
228
1923
4140
3927
3230
693
2154
2097
2506
4020
3452
4816
3138
3913
4326
721
1088
2196
1831
4014
1560
1096
2479
3652
441
4089
2151
1445
2628
1918
52
3741
3667
4134
2224
4271
3741
602
4697
1989
850
4692
2907
3005
2511
4874
1039
1747
3869
3571
3174
4508
1852
4285
39
4103
3500
3767
4042
3034
11
1766
1659
1711
190
330
1061
5007
424
3261
616
2958
3924
4468
936
4970
312
2987
3617
2565
2774
2113
2460
1217
2327
974
2874
3980
47
1269
1711
2687
2260
4486
1585
4791
416
5012
4257
1446
3436
95
726
102
1961
32
1036
3488
310
4580
1935
3432
1495
1368
3050
3205
4961
560
3936
4
4100
453
4324
3067
2136
3694
3300
786
3550
3352
3830
1544
4
4341
2909
555
2036
1854
2050
4300
2058
1729
421
950
3378
2045
3089
2225
2204
4571
4174
509
1950
4119
4454
2583
3919
3928
1652
2923
31
980
1829
3592
1361
3666
3057
3919
484
4404
2579
1848
2609
572
5051
2736
1483
1666
1240
4933
2595
2140
4538
395
592
2284
3548
1344
271
3285
1739
4629
3609
4279
4057
2607
3038
3398
5044
1902
2958
3217
1704
1391
4998
2827
4511
1331
787
3700
261
2014
657
2683
967
202
1558
2249
1665
3058
1583
3580
857
1415
2861
4126
2105
828
2733
273
3351
3856
3904
4243
2533
3223
993
4443
1373
4787
3299
4809
3769
143
2941
3881
2428
2882
114
44
2612
424
2852
4347
3121
2467
1295
3699
2145
2601
1938
4286
4280
3581
2373
1709
2723
935
2898
316
4419
4316
2452
1176
2879
4935
4361
916
3520
91
4861
1333
3209
3912
4749
3817
3247
1659
4398
2936
806
3974
618
918
11
3337
4020
2476
2115
4524
987
2130
1790
2434
972
3002
2737
1037
5166
4817
3438
280
4153
2166
4325
3014
4173
3584
4947
709
4373
3610
4887
4301
23
2345
623
4791
3700
1425
4725
5232
3236
3247
1143
4889
159
5111
1782
2410
4447
3573
4288
936
2531
808
2865
99
1271
784
2410
45
4091
2329
3597
53
3736
3301
871
2749
2651
3216
221
5178
1077
2112
4205
1669
1320
963
4660
890
2335
2230
1865
3738
4917
1909
2808
1679
3290
4366
3042
2077
3823
2017
326
1324
2743
1396
2574
4285
3430
5339
3429
2316
648
5177
128
2362
1354
2604
4634
5266
2963
1807
656
4036
2636
2101
2498
967
2471
3458
1368
3917
5316
3882
3039
3919
497
1529
4534
744
792
2900
4268
1783
3233
1204
5134
5389
4149
1825
4425
4588
5212
1595
3255
3900
2418
5335
2487
4791
4527
2872
2954
4825
3842
4036
3818
3764
1252
197
2771
1697
4942
4667
4654
2635
3505
343
2247
1992
310
4037
2646
4901
2271
2363
2082
3280
416
2720
5200
152
1849
97
672
1086
2106
2822
687
4773
4656
251
368
815
5217
2284
3959
3584
2691
5271
3147
6
3553
2177
800
2865
4930
1652
459
3444
4859
5270
1086
228
4748
264
354
1583
267
1349
1658
116
863
5377
809
5247
3608
2980
3496
5164
1681
499
2958
3042
5252
717
1886
4406
4126
1171
3612
4254
211
4143
4003
422
4855
2798
2638
425
2765
4065
4185
1826
3998
1164
4264
580
2956
4376
2558
1992
4595
557
510
1326
128
468
373
4418
990
3748
1389
5219
1214
5382
10
4394
1497
4371
1733
1021
5427
2248
1478
3775
742
388
1455
3711
3789
4474
3921
3556
3280
1275
2011
2272
629
1117
4868
3179
4103
3368
3010
2857
4483
1216
229
1682
1871
511
610
2724
4421
4917
5099
166
1137
1738
1612
2030
3272
3342
867
3833
1342
3185
3102
130
2403
4697
5302
1126
891
5413
3731
3939
5163
3444
2280
1840
1312
567
575
3754
1184
4541
3670
1539
4340
331
2943
226
5025
4315
919
3328
3202
2875
3802
3057
5429
3766
1488
2655
428
3881
4005
3021
1803
4699
3908
4915
2797
813
3957
5252
891
1475
33
4934
4386
4456
3012
5201
825
2660
151
1618
1556
2034
1732
408
1677
1940
2232
1581
1850
1776
2541
2770
2267
4202
5026
5486
5558
1978
1697
2690
4071
2594
4115
4881
2415
124
2628
5184
5240
534
3856
1737
2402
4194
2856
4932
4603
234
2425
4155
1717
1980
4967
3829
2319
5356
5676
2934
739
2035
4896
4705
1784
4816
3802
2728
3408
2581
4599
2908
4019
182
4153
707
4385
4564
1515
2008
3592
5501
3182
4223
2762
2239
2982
601
5584
3736
295
3430
1526
2118
2218
2180
1289
3660
3036
4209
1053
2559
5268
2057
4930
966
5645
2735
1111
5255
188
3491
5324
413
5069
5569
3273
887
5153
1885
4553
328
4429
3004
1976
3075
4206
1860
3897
344
1089
1357
3244
3053
1421
3653
531
3394
5111
5601
5767
44
19
830
3687
3306
4815
1818
3580
3812
2007
2188
5385
3994
2712
1181
764
9
4543
4106
3602
2533
891
3761
1295
478
1098
5352
392
1231
1799
1520
2224
1756
104
1024
655
5241
5188
827
640
2020
2454
2060
1282
224
4629
49
2421
407
1469
2844
355
4619
4597
5533
3355
1146
5299
1211
5608
198
3731
3553
1165
628
129
0
2802
3797
1477
3353
5620
3758
533
4410
4744
1217
4414
1632
2187
4364
4064
1293
4727
4060
476
3393
3162
978
4272
605
78
2449
1612
297
2582
4006
4159
4129
2700
4618
2988
4760
2539
597
2385
4327
5551
1912
4128
1618
5405
962
1555
2441
1735
4763
99
3236
3073
5249
1510
3624
2124
1508
5634
1437
5251
1982
2285
5533
4434
752
5451
2365
4230
5727
5181
576
3663
1096
3719
2538
962
3651
2797
3403
3539
1439
808
5234
935
1950
4028
5139
1050
2486
2809
1290
3369
5440
3012
5569
1068
1071
166
2557
139
773
4825
4520
4656
152
858
243
3951
4170
4394
5445
648
3937
762
2789
4047
5707
4512
3125
3423
3571
2943
3711
357
5351
553
4644
5954
2002
2949
4631
1429
2465
690
2700
3034
2480
781
3032
1203
5280
697
3689
2690
1930
1911
551
2135
4986
268
2174
2810
3302
1988
4391
5465
5906
212
5494
3812
3455
3855
2889
5026
5109
5153
5426
528
93
1803
4932
5618
5941
1634
1162
1949
217
5091
3703
3890
2758
1726
402
1858
3713
2452
374
5800
2030
383
5289
4950
900
1700
4948
747
4660
5037
3793
2636
4779
4492
2233
3993
3095
1107
260
4528
675
1087
4631
2721
5195
5004
311
5414
492
1803
676
4506
4768
2504
6052
3055
4925
4863
3786
4387
2783
1417
4052
1050
4706
373
1272
2006
2425
2313
3686
2214
2641
2193
1483
4733
2290
5602
2739
4166
5085
4043
4744
3146
4176
4734
1947
2405
1650
5250
1127
3530
794
6001
4303
2741
5481
3190
4610
5809
5739
2702
1306
3760
119
3294
3026
4399
2354
3606
993
5225
5463
3694
4362
5231
970
1935
677
3592
4894
601
1796
3102
4488
4878
5315
3699
3714
5427
103
4998
3595
4913
2029
5822
1808
366
126
3372
2590
403
268
3423
116
2462
1515
1593
3591
1084
3999
6097
5252
2197
681
3615
2991
608
727
3591
2024
1948
6080
2024
1542
4100
5154
3448
2482
4668
5314
804
3887
5791
3913
5441
3558
5982
1520
748
1110
4477
4822
4568
2037
5045
1610
4111
3706
1909
2762
4588
2482
5443
2603
48
579
5324
3144
111
3849
444
3498
2034
5695
3146
1385
4085
176
6162
4381
3021
2697
5641
4440
2997
48
1481
2744
2541
2211
2707
1291
5488
5527
5205
967
6078
4384
5911
5710
2911
1805
5994
5444
424
1749
5775
1233
4940
2117
1075
4485
2455
2460
3278
2334
469
5061
2766
5553
2141
3898
2933
1754
2864
5497
3366
4891
4886
1353
765
3778
5303
430
6102
3023
1633
2497
6146
1120
3978
1287
3522
2238
5149
3030
3599
4214
3647
3598
5413
4476
1837
2152
5935
490
594
2315
2032
2784
2570
5415
794
799
5077
1230
2381
4554
5224
1535
1858
5317
3586
1098
3787
3961
1385
808
5041
3640
4488
4114
3359
4594
5917
1477
3562
6277
5661
5609
1470
4778
2099
5456
1423
1000
2840
1426
4864
3015
4566
298
4245
1339
2437
3068
216
2053
522
3525
2797
289
2533
3936
885
3837
2752
5160
6160
3118
1256
1130
1329
2853
1918
1002
2153
3649
5969
892
4763
5182
5967
4296
1968
1287
3354
2888
1775
3384
3183
2481
4846
3532
1223
3076
6261
50
638
1911
4779
925
3129
5213
4767
1551
2130
1826
4974
2265
4904
3741
4651
5463
3264
2786
1113
3101
3741
1612
5344
6069
5388
2328
2249
112
3447
2595
5803
2780
6073
2059
2907
124
2403
5681
4257
4299
2004
2236
5585
3030
213
5817
8
272
1805
1350
1656
3225
6132
4020
5339
5372
971
3229
3869
3038
2911
3020
519
1719
2817
2409
2437
3956
2799
1244
1354
5418
2545
1286
3661
1751
660
221
5186
4957
4595
986
4536
4556
3087
67
950
3009
1894
3983
5635
2468
6103
4799
2481
5127
3609
1493
3823
1755
4976
6451
2783
6463
1827
4417
2195
3236
5468
2720
292
6497
5920
6190
2916
5042
1397
3295
3366
4141
2959
6090
5041
4840
6102
1150
2906
5566
745
5942
2416
3903
2252
5487
5789
3980
4142
3155
2979
2230
5792
6105
960
3227
186
4836
3871
3504
928
5424
233
6503
1890
22
5930
431
2201
5872
4165
6079
1368
558
6350
4720
3572
1038
2944
3356
5244
2848
5817
2069
1963
1209
2723
6553
3506
1929
4736
3145
561
4313
1605
4121
1175
1242
3882
2112
1767
4799
3667
5343
264
2502
126
5096
2604
3349
1844
4272
4536
4177
3318
4980
5885
3486
2246
5543
2355
6179
6452
3888
5300
742
3414
5323
1558
301
6048
5751
3168
2291
2630
5926
1050
2667
4954
5398
2782
2727
884
5861
1507
457
2364
4879
5876
391
6165
1560
1960
6081
4076
424
2755
2320
3711
6043
1000
1528
4160
2899
2488
268
2692
6103
3521
5624
163
4262
2658
4345
1612
5018
4786
6204
4265
2432
3803
6506
6000
5043
5826
3242
5315
3704
5571
5292
3625
3392
5515
3589
1919
2307
3590
6273
1058
3688
4891
4116
3061
1894
928
566
5518
4814
5824
4281
3276
568
815
1482
6327
1460
4744
4524
3089
4463
2902
3903
1472
6173
3463
1174
6161
4048
5015
786
2952
3203
1902
2098
4181
3311
6282
5576
4636
629
2941
1572
6369
4064
367
4600
4800
1464
232
3380
1935
943
4996
6364
5647
3723
2016
2630
910
6660
1500
3364
3912
2627
2185
4832
1947
447
250
2130
5284
922
5798
4192
3162
6225
4223
2625
4232
962
5678
3356
3086
4107
4030
860
4144
440
5710
2125
2402
3922
5281
2739
2980
1132
5664
4619
3734
2315
3473
6595
6154
5391
4500
1992
1207
5973
1632
3946
290
1691
6093
3983
4639
1092
4314
5046
1066
849
1416
3328
5343
2851
2586
6300
1204
2144
447
328
4835
1945
3878
1531
4829
1758
3851
1712
1717
5426
3070
4301
6308
1625
4788
4813
2896
5892
1118
1888
5555
5622
6458
1615
395
6166
6498
4377
2984
6150
2051
3268
169
3932
1298
3372
3998
6536
1119
2497
4396
5416
3876
4787
4324
6359
5408
4360
203
1
4257
6628
1764
4325
5503
3545
1136
2474
5419
4459
591
1836
27
6399
4099
5984
4500
1428
5170
198
4710
6347
6164
4288
750
2792
895
999
2433
6399
899
4322
5473
1517
6078
5208
5637
3958
2822
320
1787
6816
213
3649
985
835
2484
2025
2537
5862
1858
6226
4947
6883
2877
1171
2819
2094
1687
1107
1315
5755
3217
6018
6402
2706
6814
2804
1967
4321
142
6615
6711
4334
5929
6768
1890
1035
2329
6578
882
133
5393
2347
2361
206
5990
4788
6885
2616
4534
5505
6681
1496
6272
5859
1841
5129
3415
6570
1530
5673
3446
4777
3389
3343
5415
1363
5199
4616
1653
6659
2786
5150
1390
5558
3653
5510
3114
3452
3384
6153
1490
6901
1419
6375
476
2453
1511
5708
1591
2271
2760
273
1651
6560
3581
2805
538
6536
2050
5600
1075
30
6165
1397
159
6604
1219
1287
425
5289
3996
6429
3793
1770
6670
4525
2929
5721
4910
4243
5336
22
783
2781
2251
3047
1486
3078
640
3373
1027
6723
267
634
6648
1493
6057
5255
6822
620
3923
1191
6098
5771
1067
4037
5660
3572
651
6058
4689
860
1021
49
4668
2424
1438
4643
5510
84
1903
351
5854
36
1758
6863
1282
1334
5078
5110
5790
851
4382
3847
4536
3368
320
6205
2900
5189
4469
2899
3581
963
6938
1604
5626
5921
4686
2835
6696
2566
1186
6030
4294
4923
4296
4488
4718
1996
1619
1207
5277
3144
6509
5771
840
1183
2416
5921
402
5751
5879
1917
3081
2329
7032
379
6696
7097
2249
118
4697
2886
2248
3034
3727
2236
6387
2011
5605
4313
5484
4896
4643
2815
3346
5842
2337
5152
4677
2322
6548
876
6469
1903
2401
3084
5821
5918
4998
1958
3091
721
1455
2411
3533
1280
4272
913
5230
1053
2813
6837
648
815
2063
1189
2182
6787
4358
250
3290
2998
3146
132
1165
1438
6119
3208
4805
1690
3613
1243
7138
6779
2487
2681
551
6695
1968
6618
4009
1102
1914
4280
3092
6765
1542
2309
5441
6835
2366
6014
6629
2714
5107
2545
3884
3581
2562
1771
7060
5918
4216
6625
3366
3524
1788
314
5148
1678
4947
2685
6557
1208
6989
7159
2211
1810
6544
3097
1037
4024
1412
6549
1477
1456
3343
3226
5285
595
6865
3030
2418
428
2876
4598
7155
1341
1493
5223
110
2888
151
6227
2381
1874
6851
1010
5780
2666
1289
4180
3785
2521
2942
5151
3034
1858
3480
6513
2652
63
782
2638
1353
5638
2475
2305
4485
5177
2189
4280
7065
2676
5759
88
4483
4093
5487
3650
3350
6461
1680
6488
6333
251
1466
1255
5093
7169
2428
4904
3561
1103
5082
317
2648
4573
6911
2618
3245
6462
5491
2343
2999
5716
3498
335
2432
4620
694
2536
2009
1507
6583
2962
2741
4079
4609
2753
5645
5533
269
5236
6331
6512
5035
4963
5613
6481
3064
6228
2157
4203
3768
1116
6299
2436
5241
1581
1453
6542
3819
5094
2307
1565
5486
286
2251
526
5787
1762
4423
2266
6966
4491
809
4236
1122
5028
3787
551
5541
4424
4227
3128
5664
6423
6794
717
4178
6991
646
6973
743
162
4446
7012
4886
1218
7059
1997
1452
2743
5121
4622
1754
2437
4148
4215
236
5810
3936
4117
6734
7260
5071
6852
4347
590
5269
2494
5690
3641
2137
7086
5869
4725
783
518
6130
7089
1435
5838
6730
148
2137
6662
5312
5456
2755
6182
2138
6262
5964
455
6849
664
4809
616
722
790
1116
3062
1687
763
5307
2472
7083
6122
442
5095
2873
5478
4643
6802
1975
6694
3860
6322
5166
5325
1483
1348
2393
6350
2888
3182
6598
4478
5716
2959
7277
1808
203
5022
6431
2916
5206
2521
758
1107
449
2459
628
4418
3958
1623
173
3879
6863
996
2459
4881
5476
4304
2269
5996
4622
6723
3897
5193
3371
7311
4817
1354
5518
3263
5617
2580
2170
2403
5154
6549
6727
4699
2701
4898
4917
4478
6473
861
2783
5194
3043
3930
7241
5943
1634
2799
5075
1687
4482
2349
3355
6964
4053
2061
1704
5839
4005
3080
3970
1713
7467
2873
3326
5665
5747
4995
386
1743
5310
5915
4013
5630
4511
4213
67
4638
5857
755
1941
6912
3126
3470
1066
5516
6244
5378
6882
3166
4444
7209
1388
4900
6858
997
593
2833
6341
941
5604
937
6910
148
6245
1222
3468
4780
2923
3917
4737
3430
3858
5308
5258
2645
586
5511
7323
5082
5642
2048
5518
2719
6706
488
788
7610
4360
2557
153
4313
795
6291
432
3890
4622
5242
2437
376
1406
1301
3457
5459
2854
3216
6523
3429
4873
2050
6433
5267
3689
3417
3892
766
5479
560
7461
5626
410
4043
912
2043
2264
2794
6726
4792
6800
4692
184
949
1373
1226
4424
6035
3806
2441
1915
3393
5345
296
942
2040
941
5915
5101
3140
3116
5179
2658
4047
6559
7327
1074
7616
1517
2633
1971
6583
371
4812
4278
1929
757
1298
2651
2501
3486
4842
815
390
5825
18
1576
4593
7626
5718
3351
1615
2255
3075
3870
370
642
5121
2961
7125
3517
424
644
6739
2833
1899
4153
5873
4268
1520
5572
1233
683
3083
7528
1627
3510
3326
4952
4418
4048
1540
1776
7403
2337
164
4526
6676
3844
3206
2901
2974
277
7150
2861
7709
4341
7258
6657
3211
2349
3786
4124
3064
7285
7625
6856
6434
4584
517
1827
4832
6014
6046
2200
2179
4879
3073
4223
4733
5626
4030
4361
1499
7344
2296
6136
3737
1914
1206
7112
2629
7764
6355
5470
4685
5403
1362
6135
612
5958
1127
4877
6424
1647
3390
1137
1094
5202
3984
1445
7427
7518
5929
3361
6899
6612
7169
37
345
771
5866
7253
317
2019
5695
37
2789
4293
5194
2018
3876
7161
3770
2178
1213
4626
4093
1035
3252
2938
6570
1755
752
2592
6165
6572
2696
307
410
6287
503
5164
7024
1547
6531
1882
4895
7503
5739
7761
6999
7582
1283
1057
6520
5571
7684
4780
5423
7591
7222
3111
2548
2468
1739
1859
3214
6628
5206
2960
4995
5578
5961
5956
3730
2900
1190
113
4230
7115
1920
7803
2008
5717
2278
5068
3300
1980
6692
5838
2273
4923
2092
4655
6091
5055
5037
5470
5397
3051
5451
454
2005
7648
3756
6234
7220
1445
991
6102
1331
3704
150
7119
28
5266
2721
162
878
2503
7414
5615
6419
6367
1750
2843
5413
6284
5457
2301
4002
3322
5757
2243
237
2466
3858
3638
5047
6234
4835
7632
933
562
2957
1624
2932
6967
1530
5823
6250
6836
2360
3288
7538
5203
7368
2797
7035
6172
4906
405
2592
5024
2778
6635
1895
7284
2280
3433
5460
4960
4327
4516
1774
7496
2342
5456
1548
3714
5055
4250
3261
1524
1704
6218
4864
640
5214
4251
341
3731
184
5465
430
4992
2570
3236
6126
5506
7377
1739
2952
6663
3317
1631
4627
2434
6237
1488
7791
4554
2023
2096
2403
4677
5988
3213
7327
5684
5536
5941
5904
2327
2979
363
1872
7142
2241
2131
6016
868
6284
7715
3445
6205
7469
68
875
322
5564
2911
96
5324
24
7513
1818
7857
7500
6749
170
5199
6188
1689
4066
2529
303
5675
7444
3090
6825
7212
1774
1082
6562
3263
5144
7613
6427
6037
5377
1830
45
5650
6165
6665
1094
5486
7375
8003
5767
6544
6377
1443
3223
195
4061
1683
5365
3296
4217
4520
5637
318
674
7147
3982
7816
2163
1432
3469
432
7191
6739
2099
6721
1652
5022
2383
5680
5162
2275
6618
7591
671
263
7844
6717
184
3692
4130
3641
7049
547
1940
1942
3004
1379
606
4982
2428
750
5517
1471
3502
5052
6266
8049
676
1598
7333
5557
2763
1062
6317
6232
4157
8008
7420
3671
6385
6934
6042
5882
1257
1041
7759
2074
7055
5619
5059
4587
1448
627
3022
6465
5868
1258
4416
5026
332
1674
1072
7878
3858
5461
511
927
3146
6955
1307
2924
5274
853
5694
6381
4912
909
6808
4805
4755
2647
2268
1279
4089
2177
3953
1961
2221
2248
6835
4887
211
1639
3357
1136
1224
4429
2487
4220
742
6366
823
2205
6654
6674
3815
7821
2632
2815
1855
4348
731
4608
1404
7568
1602
7261
2608
3651
7685
5334
5230
125
4610
7859
2703
3099
5988
4736
3718
6808
8173
5407
3724
4575
2239
3680
8122
4379
6749
6529
4468
7961
868
263
2136
6808
672
7128
753
7875
7504
6279
1247
7530
2455
878
3254
1575
1356
3693
8136
1693
7373
2013
4441
2462
7660
2690
1467
2476
1199
2093
5030
2008
2051
1403
4089
8243
5886
5051
1194
5133
6737
7123
345
1119
2446
3747
527
4268
3818
6275
3345
2166
2793
149
7607
6548
323
5312
4013
884
2282
1687
3556
7771
7751
8040
1445
7084
5103
4226
6425
4525
4473
1929
710
2100
859
4990
7043
911
6535
4144
2571
917
2042
90
6900
5784
7329
5342
285
1890
8343
5011
1099
4322
7109
1930
2903
2415
8076
6349
3912
93
1961
7617
2900
7530
45
7271
7971
6751
6145
1142
7758
3120
4344
7579
2348
765
394
5467
2994
502
3561
64
1546
2745
3166
976
926
6855
7296
3652
913
7795
5136
4667
6855
5129
1117
4184
2732
4737
4100
5696
1924
4342
1184
4025
575
6381
4586
3325
2961
6573
5734
3843
3042
467
5598
3466
8235
4787
3230
7615
5106
165
1326
2355
7485
4457
196
3532
7129
4002
6448
158
1616
3365
7641
5599
4346
692
6498
887
2228
6509
3429
4548
7387
4343
3764
7947
5645
6658
5776
3322
702
1431
1512
771
2201
5289
5721
2311
4012
4125
5131
3199
1437
200
2673
359
3603
1367
6311
1510
4677
7266
1104
7353
3217
1319
3499
8093
5778
835
8300
3621
6279
2650
4611
470
2202
6084
7884
3681
6677
2908
8205
457
8454
1936
6814
352
2506
1822
5120
717
8149
6006
7773
1551
2224
5105
5629
614
552
5411
3382
4827
7078
2366
1976
174
5062
4018
1078
2958
8123
1341
4842
7524
4079
1050
5132
2905
7652
7343
8380
4528
4135
6883
3047
1735
8231
5424
8238
5427
2039
519
802
1996
7721
2175
3393
157
1162
4965
7280
7137
5729
6031
1952
3712
7244
1197
7184
6526
523
5228
1368
3780
4609
5580
1748
1310
6389
7654
3592
3953
3972
136
3297
4219
6651
188
6736
6624
3912
6312
4968
8475
126
4758
4558
7079
5830
2514
5564
1212
326
6874
4664
5599
4444
5723
8218
3592
5563
748
1241
5378
3580
6099
5651
1920
8249
6660
1971
4267
4625
3346
6525
1318
1700
4331
8261
8029
5455
2092
3126
2604
578
3289
2496
8071
2136
2303
6157
7220
3787
6715
4073
7459
7398
4277
281
859
1719
6714
2180
842
1435
8476
6599
6143
3230
6788
517
1894
8345
4891
3697
2282
5627
5538
5391
8052
5378
598
8405
3349
7029
2134
840
8178
5356
8530
1825
4862
4383
7671
6379
4739
2238
5871
8343
5796
1664
7453
4559
5276
4885
7889
5231
8127
5109
1751
2445
8184
2972
3681
6220
6699
7727
6133
4452
3312
816
4667
5782
3249
4202
6981
2331
6484
6861
603
3147
7003
8611
6218
546
6654
2366
6932
6761
3704
7004
5031
3727
6486
568
7143
2911
4953
6348
4080
6764
8683
4719
3524
691
5728
8143
3973
3771
7791
7269
2096
334
3703
2936
6559
3607
5977
6939
6429
5536
7359
7184
4214
8098
1072
6022
4308
1374
4600
2048
1920
5329
2972
5190
7354
1721
5914
4585
3268
6307
339
2235
4502
8637
790
193
450
1652
5147
7449
8450
3964
8092
4899
5949
5231
8502
8731
7128
3023
6081
7764
928
3854
5424
989
1183
8202
2776
6876
1864
5360
2575
814
3629
5030
6867
4213
3367
4061
2492
5150
2011
2145
4637
1132
2605
423
1745
379
5727
479
6506
3647
5917
4378
4558
3771
5200
1450
8688
6364
4911
2819
3412
6798
8578
3684
3202
4692
6862
7207
3568
4748
3111
1618
6710
8073
5975
7354
4819
3902
185
7699
641
3563
300
5505
1919
1374
6587
620
6187
6735
2811
4806
2431
220
4434
662
7022
574
4244
2643
5657
3365
7762
3769
8475
912
6367
8446
6682
2561
7680
2123
3786
1147
2302
173
8662
2720
7371
6583
6627
4295
7931
1126
5443
6497
7317
176
1553
7151
7033
2738
7853
7274
5867
6739
2681
5740
8805
6048
2714
7933
4485
50
2856
7959
329
2108
2473
7969
704
1242
5298
5093
7134
2609
748
4400
2934
6395
658
6560
5920
679
648
3467
3116
3094
2673
4847
6238
7574
2239
3832
5462
1206
3781
8760
6443
4623
4243
2230
6915
6262
264
3929
4103
1570
8323
3054
2549
3558
4210
6114
7040
1209
3438
2678
1488
3030
8075
1485
222
4944
2205
975
2526
1211
8441
2483
8034
1718
6929
8645
8210
6806
8743
5182
6950
5887
6810
6324
8855
7669
270
7868
6939
2503
8009
5999
3688
4920
414
1042
1115
6890
7674
4986
193
7149
4556
7094
6570
7905
4686
2634
3231
7343
4569
2587
8177
4601
4622
6211
2506
6141
2374
4559
5212
3377
3808
5428
729
6378
1562
1480
1499
118
946
6182
7884
5968
7249
2178
6556
6402
5746
5976
6358
4999
6389
3773
1705
3470
1557
3359
8812
508
8977
2678
603
3393
6873
4163
1594
7886
1607
6312
1642
8784
1219
1791
8390
8539
7751
350
2417
7029
8325
2256
2283
1110
3763
8926
1129
4918
3931
6751
3611
6886
5670
6559
6779
7644
8113
2587
4162
6617
5511
3920
2365
7951
7649
6053
5687
8754
4800
1517
44
2337
6922
5493
4057
2322
8304
5882
7288
1807
6064
4151
1909
410
4459
2228
3751
1544
8253
8861
8757
4690
4123
2830
5725
1581
3489
5290
4534
2761
3994
4636
317
302
3067
8315
8747
621
6610
7319
1745
2085
1873
2198
1501
3597
3258
3070
7158
7315
5858
8711
1309
2475
2931
2393
6071
1786
249
4690
2324
844
3998
7423
4646
5764
4130
2436
3276
366
5754
3561
6329
9168
4354
1589
8593
6686
9096
466
4553
7045
3202
7511
6702
625
2886
1406
3618
3552
1813
231
5686
155
7958
8649
5757
7553
7730
9064
5819
8598
1326
5679
1207
5715
5277
34
9028
6693
458
9150
5089
6952
5034
1379
2929
8377
259
2533
4507
1222
2782
5836
6546
7229
5269
7980
1303
1028
224
2949
5942
5277
7232
1391
26
1598
5760
8468
3968
3497
725
5588
2431
983
1561
8196
5738
8083
8944
5113
6183
5853
2750
4869
9066
4956
7250
5187
3778
1895
22
3049
922
2723
3874
706
6420
8226
4791
6305
3799
7791
5994
6563
7514
8421
5303
6947
3976
5056
5837
3483
8960
4251
1395
5103
1728
1678
3387
7285
7861
4047
7122
4636
7562
325
5391
265
3897
1024
2558
6885
5878
4316
6757
1836
9070
297
2913
9150
4528
5884
3775
3065
3385
9275
4156
6028
5708
4945
1969
3429
4428
5613
4539
6865
4366
6524
1860
6978
9103
3477
470
5820
2549
9055
828
7202
3834
2298
2444
3258
6730
8936
4343
8253
8143
2173
3814
7642
2429
7567
6844
4752
4606
3889
1566
1974
4372
6537
246
114
4523
1697
6891
379
8769
1483
4728
3031
5567
714
4893
428
8107
4275
3333
7007
5300
6062
596
6468
1985
4185
7196
6835
7280
5818
5098
7631
8523
4581
163
8028
4212
1193
5568
4593
2791
9400
663
6447
4651
4456
966
7177
3217
5332
8993
4791
1480
816
2709
8156
1075
4383
1559
5252
3360
1695
689
2940
5979
4025
972
1606
6018
8318
7655
4307
354
323
5441
2355
3772
6814
4461
5544
7627
1805
4964
6304
2091
5671
1391
8420
941
4847
6992
5352
6267
7169
8243
3691
7023
9436
5843
6126
5081
2063
7745
7349
6168
2707
330
2902
2196
6697
463
5682
8721
5844
5900
3228
4168
4104
9282
4084
3836
695
2998
8724
2953
963
4673
5782
7349
7619
4
3901
7590
7490
9416
1239
1521
8553
6895
469
657
4805
1740
5431
4720
8039
3178
298
689
5743
1423
620
6286
5670
8526
4678
8906
7658
2948
197
8822
7736
7245
819
1929
3970
6543
7353
6120
8983
574
120
6995
2264
6071
231
7736
4888
6752
567
3508
1493
7165
4418
4794
9472
6498
6072
1169
2975
6852
7181
8947
1607
4304
4943
949
99
1070
1086
847
1960
799
5199
6850
480
7300
5558
6774
5758
9424
7053
7780
6592
9516
7393
7179
5485
6015
5415
6695
4283
2245
7680
4119
2841
1157
4763
6153
9451
4234
4401
6167
2703
6698
7612
7196
3959
7870
8433
4622
3933
5451
8708
5830
1516
9119
1956
1787
6621
7611
7038
5486
1276
9119
3267
8329
5396
7102
8370
974
5391
2935
3492
8652
8299
4382
5385
6465
2321
5431
1866
3737
8539
884
6167
8906
899
4874
657
161
2843
646
3388
5633
7006
3001
2626
4191
711
8593
4788
9418
5462
5556
9343
2609
5780
9549
1974
9628
1489
6824
2088
8525
4916
6844
8608
591
1975
3952
7093
5770
9663
4078
4461
5949
1766
7818
1609
9161
3679
6089
2928
3313
8862
8183
7293
9323
1586
2249
4737
2866
6749
4581
3355
7044
4444
7250
6102
9313
876
2246
6988
7869
2776
7922
7788
1877
3295
4967
6842
5187
5181
2117
2324
2188
845
2240
3966
9597
880
7156
1528
1030
2426
3594
2042
518
3474
4948
773
5693
8634
8255
2729
5504
8147
1327
4119
6523
1977
4215
2096
7449
8960
7527
8270
5923
5600
3722
7898
9148
1978
3242
834
5431
9380
7350
9775
6617
4666
9008
9348
8087
4778
6855
3193
576
5471
4927
5085
832
8255
7785
6481
824
6585
1662
953
2143
4903
6260
5778
8024
7372
1860
3005
3786
5453
9077
8988
1680
8341
5867
9785
7757
6273
4731
4957
1601
4622
6148
5788
7219
4577
5285
826
6285
693
7653
3966
3809
5028
9564
6580
1916
2170
9567
6894
6019
26
6898
8171
6130
1651
5376
7974
3452
8794
2691
2355
5639
8985
245
9486
4072
9513
1731
5850
3118
6028
3632
4128
8960
7269
1372
5591
3394
5589
8639
5487
4891
2484
291
6288
7890
3935
1910
9587
8394
8278
5752
1461
9408
4526
8531
919
3549
4084
2278
7912
5693
9776
8452
5763
4333
7193
5371
2604
4115
1320
1799
3783
6061
2397
9454
1831
320
6320
3584
2297
2942
5116
530
9781
6359
8199
4491
5631
4432
7734
721
5342
6310
5884
7280
6159
77
5807
2774
6329
4752
892
2253
1664
4405
9898
4187
2338
2763
7715
1647
6765
3973
4126
5050
5136
3703
2484
2635
3861
8399
5088
3330
847
6600
2092
350
9865
3162
4629
773
4398
7360
1948
5753
2323
5214
1124
9013
8937
7702
5467
3518
8014
5392
4527
9382
675
8735
5983
4535
5727
2599
7444
9426
3590
6610
3256
580
6847
7822
8557
8552
2424
1256
680
9655
7456
1913
4720
9947
9183
523
6001
9815
7958
3303
4212
7643
9397
5237
8468
1784
8046
8485
4352
53
2250
8868
505
9348
2296
6487
5234
9849
2092
3474
9129
3483
9106
3101
2145
8183
6601
3736
1264
3625
691
4894
9787
1179
8776
7862
7939
1185
6093
8660
5508
1462
5834
9162
4115
8549
4000
1669
1903
4754
5230
7794
9407
7300
565
6201
7650
7960
5078
3422
3155
5233
6453
6829
1169
6719
3197
6113
8274
2302
9903
8006
2924
8875
9884
10002
579
2021
3520
2387
6109
301
8902
8944
7730
3702
47
8090
6841
5802
1295
5632
5224
8115
2404
7123
9233
8463
4575
7113
1807
2898
1325
2866
9984
6010
8119
9105
1220
3146
1019
4426
4350
3819
9207
6087
4268
5662
1371
5504
1740
4767
7453
9647
2245
9788
4775
176
8218
4213
8995
6244
8824
8917
6015
8053
4223
6764
3342
1249
6166
2597
4526
1486
8918
1406
5914
15
2183
2888
9157
225
7339
3833
6827
8974
444
3026
8579
1955
2453
252
10084
6392
7320
4712
4452
4480
6759
590
857
1238
6491
9432
3817
8884
486
4841
7982
5391
281
8280
8862
6373
7561
8472
4048
3720
9753
9039
7149
8799
9993
5688
1584
1166
3118
5557
422
8044
5105
5014
6282
6501
889
8636
5263
6892
9815
3100
8668
10102
7070
3172
285
9447
591
3842
5650
8263
2089
6217
2904
8126
7007
2547
8885
6224
509
8805
7302
7896
1289
7912
2965
1194
2294
3667
474
7344
4385
9021
4477
8338
5014
9654
7621
627
8718
9069
5824
8927
8145
9335
3993
4024
535
3938
7823
6695
8006
9707
816
6029
2897
4747
7355
8833
5192
6833
10083
8746
1947
6262
7166
6285
9631
3343
7335
7478
4564
6733
2882
1595
6595
4335
3191
6443
9335
4828
7028
978
7805
3422
4786
4534
7395
4054
9722
6403
4067
6123
2543
3853
1700
6937
743
6009
9858
4476
5363
3025
9818
5581
6941
3385
5929
932
3973
9730
7970
7997
7780
1220
8736
1514
2931
7323
6036
9449
9634
7898
144
3872
2956
7216
1962
1111
5215
2061
2161
7114
8043
94
7791
1633
4322
6670
8720
4204
5496
3397
4721
496
6473
4566
1848
1586
7095
8575
9572
4676
9329
4604
4938
7038
7762
9828
4652
5706
1913
5739
5736
5938
2123
3844
6910
4119
5039
7201
8077
1615
7738
329
402
2044
7884
4964
7288
6310
9371
789
8718
5454
1218
6044
8685
918
7591
2103
2875
4598
611
3709
1296
2728
8263
3738
3762
4216
3537
7737
4613
6965
1510
5297
9678
6137
6056
10218
2635
4078
2395
6372
7499
3415
9660
2613
5963
9206
10114
7782
3539
3316
2020
4225
6135
1212
3471
7005
7717
389
7352
2414
4619
1775
2158
7670
6855
5173
170
3496
2543
8511
474
2378
8744
316
4094
7455
202
9528
9203
1009
7060
1620
2674
494
3062
5227
2960
9087
1100
1724
4484
7561
2996
4276
1031
1113
10257
7779
3080
9110
8341
3167
7245
130
9812
8477
9337
1771
8385
1582
2025
6209
9878
5881
2914
5345
8420
3005
10252
8461
4064
1736
2827
3095
1895
3179
2953
2010
7695
3261
6196
997
323
8904
7761
1179
711
4254
8582
1587
5072
712
6976
4442
2879
3573
5833
1082
2981
6307
6206
3957
6460
2772
10398
7349
8059
5133
8183
773
1012
9149
1825
6342
3186
3635
1667
174
6967
293
10116
2819
7894
4893
5592
7677
10175
7375
630
9075
9546
268
180
7442
8742
6946
5158
8318
1939
6939
5940
43
4846
9839
7773
5049
6553
4731
1603
5123
4952
5345
2143
4912
6429
442
7072
7454
3464
7867
7083
5433
6894
1941
7488
5076
8562
10366
6667
974
7542
4
1175
5969
5228
5245
4955
162
1771
3456
634
697
5214
9133
7897
560
10186
10204
1508
492
4705
9680
4646
2434
949
5759
3037
7949
231
3309
3126
910
7246
7294
7670
1881
6255
7481
1178
4331
2769
7862
6964
5398
5553
7890
3858
7575
3585
10346
7474
1262
1594
6689
659
9090
5719
3095
8833
2488
10348
7820
5017
8380
3409
5123
9007
1434
7950
3967
8849
9108
465
9074
3205
8549
9004
4298
3560
1984
388
9009
10126
4452
10471
2220
4145
9260
3932
4996
10406
9433
2383
5474
2282
2
5949
6116
6231
961
5677
9842
8420
8443
7559
3687
6172
9511
9037
2079
2082
1252
8609
3426
4781
296
8881
4204
10346
7374
1443
2271
3940
5797
5648
10096
6575
1084
4322
4202
4096
7007
7350
6640
3728
1641
4680
3240
10345
2142
7339
3258
3460
7918
4272
9040
8114
4369
10556
1756
2094
9389
10538
5782
7488
4456
692
1776
4074
3294
6901
6409
10232
522
1652
7308
7526
5096
6611
2320
2553
6470
7080
6772
6360
5088
4294
9930
7644
2481
1462
2918
3918
1130
9795
2375
10141
7708
48
1378
4427
6440
8695
7498
5743
2790
3423
6886
2380
5082
7203
1610
5213
8216
845
7161
8514
4437
1847
1821
6964
4622
8193
4453
4285
5929
7355
3842
9292
962
8634
4702
9925
5136
10676
305
5206
3202
1311
2497
3887
7625
214
3341
7006
3923
3315
1929
846
10669
7040
8762
6546
6314
5340
8483
10353
2189
5177
9862
1751
6756
7304
9698
4381
7249
8943
3828
2604
8649
3373
8582
7850
1071
8295
5558
9411
988
10159
3623
8577
4009
10706
7916
9826
2488
2070
820
595
8117
9253
5157
10381
39
6267
9888
9921
7758
2778
1747
8479
830
4509
4609
6037
9158
6060
8492
7626
7353
7453
1726
3946
8711
8416
1214
7751
7289
9600
2253
3779
973
4890
7269
9021
3464
10376
10541
8610
7883
9158
5716
4096
6444
3803
1180
8560
2608
9848
9342
8982
4662
7707
8708
6008
5323
6851
865
8958
8745
2797
4198
9899
3808
4053
7982
4701
7216
7338
3534
3958
2541
5693
1512
3957
5263
4038
5435
7528
1475
7798
10653
1492
10112
10405
5802
6179
8539
4317
8402
567
8780
8740
2701
1266
4897
4328
9561
2222
5239
2084
9652
3174
6621
2787
8806
9519
9953
7043
1686
7682
5065
10163
3249
10515
518
4514
5855
8801
10032
8545
333
5061
2746
3464
4916
9438
4552
8002
314
8709
10528
3488
4832
8039
3350
5940
7035
10749
10650
1575
6010
3922
434
7464
10325
8221
5558
4854
1481
5183
5656
6997
7383
7469
7931
6578
2724
6468
3004
5926
8396
3960
9288
3720
5243
8108
8635
9708
4256
5989
3819
9167
1066
4457
9343
9911
10242
242
9657
5608
10115
4412
10618
1046
2314
9942
5822
5643
3071
6581
9919
7869
7153
3755
5045
8419
9680
8245
6567
10024
10596
6565
1270
740
8040
7238
5594
1734
4197
10381
3258
6790
3318
878
8240
10662
7505
9547
4678
8982
7960
1686
7651
3837
3921
9275
8205
6679
7071
6215
2591
2216
1570
7861
3753
10734
1270
4084
9333
8472
8756
5653
2330
2640
5481
2758
1547
819
2405
8000
4916
3924
506
491
1313
10395
6761
8839
7400
2284
3893
1399
3374
1970
9756
1661
10522
6337
6069
10191
987
9025
2205
328
2339
10101
11058
5356
1122
4868
2206
362
8840
7067
6289
6984
4357
8612
1802
785
1307
6031
2553
9193
50
10289
6770
7530
3028
6548
1565
8615
1771
1537
924
2059
5251
6399
3000
8859
8392
8457
7274
2290
6925
7783
9955
9687
9668
7848
4852
4738
10971
2799
5378
1386
592
8119
8005
9030
4038
10349
8966
10582
10244
5653
5237
8589
10841
7576
5655
3822
10317
4917
3496
9137
2137
3290
10759
7251
8353
3827
3319
1219
9103
9338
8582
7892
9669
9166
10699
10520
7476
2128
613
10079
5238
1225
4131
1797
5943
5991
10995
3273
920
3170
7175
3034
2078
1407
1584
1765
10741
10701
6700
9952
10851
9733
8862
10641
4598
10511
4632
8137
4655
3667
7915
6735
5045
6321
2135
5930
9665
2981
10170
4326
2272
8895
9485
8192
5616
6757
3507
7829
5864
8071
8105
10223
10855
6033
6019
7526
3719
2950
5542
2186
10232
124
2817
7063
7714
4732
5189
9182
2383
3737
4034
4120
2013
305
6859
373
9255
8219
2705
4388
3882
10370
327
5799
3085
4257
11248
7376
6825
10549
10045
555
8857
6540
386
6419
6941
9135
1344
2963
8676
8751
7918
872
784
10322
740
1268
5666
10669
7434
8678
9672
7471
5289
8415
1943
9548
3893
7250
7878
8014
564
1374
9293
10533
9815
10162
142
8196
3088
3247
3690
1699
431
9752
1763
10137
4557
9882
7640
11001
2275
1412
4357
10103
2510
10168
2300
3337
5828
6587
11175
4714
11095
8454
5241
3265
397
4660
10778
1561
8492
6002
5064
2505
7913
6526
4542
1932
3239
2157
5957
7694
959
8399
9412
6741
1541
7806
7328
10848
2715
1062
3236
7060
482
6609
2455
1187
10410
6970
10495
8303
9256
5361
11378
11165
6682
10870
10955
8366
5295
9873
1637
4781
1153
1331
10744
8177
11390
9095
11015
431
1579
3173
1434
9246
5364
939
8370
512
6123
7877
8992
5258
163
8830
352
4315
6923
11419
552
11029
6337
8528
10674
10115
7022
7606
7036
6804
9435
5518
610
2448
822
9332
2198
2179
1360
5284
11391
2403
3141
1561
1931
8309
7807
6873
9182
1660
5301
3869
237
1990
9640
1023
9518
6266
11191
8180
5600
5704
4981
10065
7978
6451
4265
6677
4055
447
6665
6800
8974
1130
7944
10017
11334
9398
9103
3797
8513
6550
6792
4336
9465
251
79
3110
8712
9653
10080
4620
8407
5147
9947
7514
3401
3571
8177
6243
6621
9300
7270
1543
3966
4946
1925
5760
11076
6981
11143
183
10532
660
1059
1944
6429
10914
5058
11398
4373
7054
10817
8471
6585
6912
6972
3970
4512
7541
7995
5216
9629
4890
288
4975
5364
8455
604
9918
11324
9650
8981
8495
5390
10818
9443
10394
4362
5196
705
4731
6095
2563
7178
11059
8085
699
5424
10233
7794
1649
1154
7827
4019
2068
5762
5368
579
11079
11187
3392
332
861
6351
875
626
3562
9010
7577
9987
2222
8031
8686
11194
6167
9810
9553
7034
1810
11025
6239
7742
3927
10707
9941
9244
8099
9874
9395
3359
7976
7375
8372
9271
8320
3414
5112
10491
8845
8959
244
4769
7314
5118
2969
5852
7861
5923
6031
10340
8168
7860
11536
5036
8633
1330
8226
2429
719
5283
10475
11541
8684
7783
6542
6718
471
756
10266
10412
57
336
4490
2332
5143
744
2321
1385
7235
8929
3949
3637
9907
212
11525
6322
9054
2696
1821
5773
10665
11293
1135
163
8925
6939
715
3544
381
4733
6768
1479
60
7978
6061
4238
3579
1931
929
6239
9656
6669
9675
197
9628
309
7048
10418
8372
9827
7745
11522
9673
4154
6644
3306
5342
6409
1051
5328
6752
8802
1532
9985
2689
11017
5668
7155
10059
10800
6676
9300
6080
6624
698
8377
7551
1400
2871
11317
9411
6477
9624
6977
2734
10817
4191
1858
8670
8328
2885
10056
7684
2899
3066
5873
1929
1834
2020
3613
3898
9642
7940
3989
1015
2453
3267
1936
7833
4969
9331
6946
586
8563
475
66
6719
8872
3227
792
8843
11165
9182
1
1655
10992
11580
10877
5063
1811
5569
10165
5598
1302
602
6240
1650
11084
6371
750
11691
9587
5208
7346
7374
1044
6152
4986
9995
3998
8177
8414
6851
2714
3445
4554
2142
5293
6724
8031
10940
4139
3687
9233
6385
10872
7066
1502
10501
6536
10403
4953
9983
9322
3266
3133
9193
9765
1457
5385
11729
3573
2153
5322
4065
1017
11511
850
7026
9486
7435
3305
5040
908
2088
4430
16
2407
9182
3500
2129
6235
5963
5636
2879
3935
6576
3303
1624
10544
7296
3938
3052
9540
10946
8441
9084
1078
9275
8642
9606
6617
3815
5347
1197
2416
4481
636
8036
8204
5356
5000
8724
1780
3857
8564
2917
7224
11149
4443
9732
5538
10643
3482
5488
404
8112
1553
7867
2938
7367
11809
939
11623
7715
8796
7284
2377
4186
480
3741
4783
5167
9364
1679
5477
3798
749
2473
5589
1269
4306
6122
9634
3191
447
8825
11655
2492
8705
8017
9922
11488
2893
1062
2985
5011
3738
4939
9819
11551
8681
4124
7835
9859
2936
7947
9090
4234
6945
2595
201
10135
11999
94
9740
9878
11672
445
6868
980
10211
7289
8097
6879
9355
8099
4868
1288
2702
4595
1448
10010
1616
9855
566
6715
1626
11425
1516
6666
9055
3694
5952
4530
8675
4033
4188
11941
3206
1515
11110
4882
4407
3273
10533
2598
5994
5073
8107
8768
3250
8384
7337
8788
6286
3783
2690
8838
1519
3058
7877
1931
7465
898
8511
9646
2193
7373
11731
11188
1914
1462
8500
6213
3349
3394
746
8149
10348
10378
4033
6244
8314
11932
7998
5303
822
7905
2741
6441
10928
5832
3951
1803
5801
5178
1375
4355
1725
997
493
4717
2578
5444
2734
477
4568
9227
5613
10082
9245
2792
307
6158
6758
2482
600
4900
4376
3334
3026
1561
11849
1008
8544
9071
3239
12030
336
812
3516
6241
259
9777
2192
2202
2696
10769
6248
11803
11990
11428
7917
6259
1005
3871
1821
848
4764
2098
4483
11416
11641
5599
6241
2845
9771
10661
4838
4794
8797
6862
11048
9837
9060
1411
9066
10989
10729
411
10495
9973
10187
8807
7830
745
2717
4402
5358
8988
6548
9861
6094
5156
9683
10844
4940
8183
4337
11132
5665
9575
5950
2445
5417
10126
7887
11747
8303
6030
12014
4883
6442
2098
9798
9268
1895
8374
1364
8759
870
1226
2257
4265
4978
148
4790
10380
9224
3531
8582
3820
10693
7270
11369
1056
6414
961
9760
1272
11483
11944
4940
5612
10661
10117
9844
11069
9591
5434
7197
11949
11257
2387
4117
4551
2238
4989
1150
1990
5872
11579
10459
4458
7009
11242
11180
7228
397
5301
11891
3903
7954
12064
748
3484
2974
9428
5565
5963
7447
6005
8529
4365
6574
3090
1222
1933
2626
2218
5919
9114
4360
8118
7988
1767
5984
7123
4617
3132
5656
113
875
5540
7195
10434
11546
9970
11843
3815
5925
37
12290
1673
4340
7346
9324
2933
1766
7837
3995
9063
5231
8624
7345
5249
11819
7815
7920
11568
2279
2452
5947
8431
3466
7716
2044
6627
3126
2313
1766
233
6247
9752
6667
1037
11358
8597
9077
11272
4019
7225
10402
6921
10925
2849
10877
2742
4975
9393
11755
9940
5188
10111
6056
2806
7891
10099
8226
8760
4764
274
11329
9960
2652
10225
8045
7541
9960
7653
3111
11556
2302
2075
8542
11414
2223
11904
2234
1643
11632
9521
10530
3709
6034
7973
7962
4958
2124
2549
5150
5977
10816
4596
10237
3779
8398
7581
6936
6562
5731
5585
6549
10698
221
2097
8567
8519
2251
4311
10364
1935
11367
4321
5480
8270
1294
12226
3170
10787
7891
5132
5515
10647
5961
12290
407
6469
3098
11454
11820
11825
12005
7603
7190
7056
4297
3752
7699
7503
5950
6199
10296
4456
4520
937
558
3234
4610
11999
6636
8816
12222
3000
264
283
3762
1612
2121
12399
2283
4236
5236
8256
6828
3188
2660
10831
11260
4815
11102
3393
10062
4077
11811
11725
10382
6877
5728
6170
1000
4885
11675
3821
11203
6406
3309
11696
9568
1827
802
9952
8194
10384
7943
7508
10006
7064
10317
8119
201
4747
3546
1675
2105
2205
4237
4371
4134
9280
3228
6783
7003
12142
3422
5677
4853
9461
4324
7142
4456
1301
3068
1813
8589
1961
9854
2156
6243
10823
2575
5405
1700
866
10833
2428
10428
4887
5563
8357
6522
1487
5989
4879
4635
8455
64
9776
7165
8035
9216
4527
8843
11600
8105
12445
4375
7515
954
8150
938
12095
4599
10389
5296
8342
9865
892
9394
7606
6897
9065
943
11843
5438
3926
377
8033
4126
6597
4425
12347
8982
3814
7351
2066
10491
6287
9669
8547
11317
3763
6745
12182
2276
10068
10585
9153
8033
2057
11724
9791
10953
1709
6162
12099
8028
9882
11198
7962
9695
277
9055
582
8968
3004
8132
12160
1612
3569
6832
892
6667
8287
10491
8996
6308
9485
7172
4235
2298
9341
1255
12459
9852
10793
5642
10963
11379
2085
8404
10093
7150
6492
12032
3645
7338
3475
10631
2799
11453
4868
8736
11216
223
8772
9417
7328
1789
8148
1669
2873
2789
5512
5952
12155
606
891
7096
7762
931
6153
250
895
1310
12430
2680
6395
6023
3513
12153
4058
12187
8143
10760
2081
11439
6679
8288
369
114
10483
9197
4945
11258
11099
11818
3500
8200
11848
4651
8626
9225
12413
1193
12103
2887
3401
2842
4176
8072
5911
587
5483
8893
4696
7998
12637
8928
133
10835
8183
6178
6208
8165
6367
12608
9490
3559
2080
4795
4918
6754
6539
12495
10659
4082
3625
3660
2690
10844
7272
3016
2183
11324
12264
6877
5910
11115
7842
731
6160
11029
2743
2169
7702
8957
11505
8792
5375
4140
8912
2486
5777
9435
11192
12530
7395
7034
1268
2023
11645
4502
7348
5206
12276
6014
8688
6882
12049
5958
801
10671
9775
4975
7161
6071
3072
10038
1342
4117
11085
5270
4501
10758
6065
5991
4468
1173
4222
2265
2983
4587
2707
5988
10608
9151
7766
9737
121
11829
9659
4355
1640
12375
10667
11444
6553
4120
570
11194
8312
3489
427
1298
6637
3908
9385
2718
12092
4160
5341
3713
8972
6996
9400
4126
2458
164
11527
5643
12382
1667
2146
2153
10016
12080
4890
1892
9610
5811
175
1892
11700
724
7861
8719
11768
8141
10612
682
7259
6550
4854
4699
4818
508
7346
5166
4722
5149
2232
4542
5246
2997
9438
8466
9578
6333
6915
12441
7722
6092
10136
9404
10685
6446
8447
11421
9073
8360
8630
5636
8153
1336
7924
998
7934
3551
12326
4191
1538
8945
11806
2649
12212
8831
4189
4248
127
11050
11744
11532
7900
4993
4256
5988
7123
6960
2898
5687
2798
8841
11103
10159
9908
12030
10718
9099
12682
11457
8787
179
11812
5357
11494
7537
7970
1660
6168
11289
6502
4853
6780
10000
1370
11522
4948
10885
181
10696
2206
4908
1538
685
4251
2566
4763
6986
3416
12105
11230
12212
5186
5609
3694
3561
1080
8859
561
6878
2479
7269
11585
10744
1923
10904
443
1276
10476
10427
4065
1243
5926
9262
2874
8970
233
8977
12831
8214
12640
9944
9567
920
11367
7101
10930
10740
9698
11458
7515
10317
590
8624
2494
4825
746
13019
12008
6517
11622
3755
7448
5006
7246
3729
4837
8375
2293
11058
398
7703
8794
8228
12106
601
2086
1214
11143
208
5055
12375
12255
3848
2584
3604
12746
4862
12692
11555
9987
10579
2826
9776
6459
7379
2882
7627
10455
11268
4925
7167
655
6472
12948
1617
9723
3839
309
9598
6535
8566
2784
130
4636
11116
7335
10552
1164
7127
12784
13012
3943
10672
4173
8503
10145
7038
11885
5652
9686
6150
2950
2572
9072
3746
7720
10376
11563
7595
8939
5853
7582
4121
5715
10633
11613
5395
2568
3191
10759
12349
6533
891
4497
8821
5570
2960
1654
10909
1312
5851
8912
10687
9923
1535
11560
13034
9652
3632
12069
2149
9014
10887
1815
6271
10294
12789
10585
2475
6655
10264
4793
725
10113
1809
12529
2807
6240
7990
998
1803
2201
968
5069
10448
584
5131
13108
6528
11512
9495
12136
13015
5351
8746
6301
1329
2145
12108
4850
12295
2911
12569
731
4488
7935
12853
8875
7363
1313
6218
10576
6679
3688
13061
2910
1807
10134
4091
12810
355
7368
13028
3015
1087
8472
10633
5159
11812
11783
331
9245
11029
4376
10302
7875
5851
8896
6674
2796
4107
6617
7893
2189
5437
11184
7944
2630
3128
9643
6856
10191
2432
3457
241
9698
9082
150
9766
1500
472
7308
4921
11603
7437
7349
6410
4848
3946
7558
9045
8995
218
12844
9414
6645
8149
5074
8110
9100
5434
12544
7637
4661
4120
5206
9061
6388
3035
2686
2868
2105
7573
11908
6826
9296
4700
6481
7084
5944
13242
8551
12661
1030
7188
6148
10125
3357
565
12064
11301
9902
1239
1238
3942
8616
2284
1423
3353
5637
6771
13280
859
20
3747
12059
1150
2825
11982
3072
9609
9846
3213
5498
9522
13148
8724
11927
7277
1899
1000
12362
5825
9025
4740
2233
6959
1580
7309
12057
10198
4516
5498
4687
12532
2717
9085
1479
4290
1479
6520
10998
12863
195
118
4882
7841
449
5134
3526
7426
9375
5666
7467
2432
5220
8922
4086
6923
10615
2959
8003
6001
7595
6767
4017
3590
10228
8319
7184
12565
11566
8056
7506
10451
10676
11978
12897
3502
255
1652
11322
10123
7409
9708
11234
4669
2589
1356
5444
7274
9744
10464
8539
3271
2033
10706
8525
4
319
6228
9081
2207
10315
2944
2161
10432
5395
8369
3914
3692
10402
12132
2884
5813
4326
3221
1696
12852
12820
6196
5931
7928
830
5207
6067
10270
10435
7153
5862
529
11782
6829
5669
3348
10112
3646
1942
2037
2109
12174
3164
8523
5603
12628
6839
1046
936
7158
12373
597
8153
1613
2199
11747
8544
12513
6433
9954
12938
11506
5610
11221
1692
5668
2161
10317
8106
9374
1798
10336
7198
8693
5557
2205
6799
6814
7750
4640
3531
1813
8912
6314
296
10100
3378
12224
7164
8056
4876
2982
10321
11429
3161
5214
3627
5420
9472
9220
11002
3062
4844
12332
3710
386
1103
12257
2002
8664
9848
6506
3186
10424
13443
12574
6653
6922
8312
10413
5496
13095
11198
4998
7274
12947
5913
6180
4650
11999
9675
8631
689
405
11529
10934
7229
2904
4023
2712
8246
11571
1140
22
10411
1745
5709
2923
3172
9173
3298
1255
13517
4251
10566
6251
9632
385
5186
4157
12419
4681
9622
6639
6462
7230
5359
5041
5239
2625
10511
2100
13299
73
7469
6309
2747
11481
2827
13198
486
9032
1038
1725
9233
8811
11037
7572
5413
2692
3363
2418
72
5021
10904
13045
4208
11937
3495
7153
5707
1611
4637
8397
1499
3642
6235
8054
11924
13199
6698
995
1719
13350
1997
4551
1819
5722
5411
13404
8154
7935
13047
2868
13178
1951
13057
1827
125
3171
10575
62
1219
9399
926
836
10640
7396
1215
1928
5237
4655
10002
12320
4861
6766
12239
7014
3476
11449
5539
5216
9972
9920
6102
4314
8717
7054
12413
13041
7015
148
1979
8311
8398
3363
7365
9816
10219
3788
12267
1057
13170
1560
12730
7595
263
10488
2867
6754
5227
11467
6827
12589
3854
494
841
9100
12597
4391
9172
8016
4240
13561
1993
2882
13596
1756
4759
7287
5961
11193
2362
11617
2158
5523
6817
3047
734
10242
9705
4948
6136
5254
8848
9688
7180
3993
7590
11882
7193
10860
6888
901
4917
10583
8608
5671
7890
1031
5476
10056
8359
5143
1272
2172
5898
3416
9745
9875
11623
10598
5679
8630
5091
12277
4866
4142
13186
9516
12654
1292
5451
2911
11690
11129
10518
11791
3654
1859
446
10364
1700
10707
6965
9459
732
7343
8296
4081
174
1473
10809
3683
2055
3770
6225
1830
3893
5489
1081
11682
1822
5205
4536
1217
7823
10934
3883
12470
5658
4523
6695
10280
3256
13289
2833
3235
5188
13205
2382
8270
5359
643
11592
9933
8679
9356
9124
5728
5159
6722
3645
8508
5126
2731
3243
1929
12858
8638
3467
12681
1191
5844
13766
13138
12085
6587
256
11199
6862
10901
12505
9451
5057
8622
2238
1761
4955
7325
3674
11517
5622
5311
744
1317
2475
2349
5767
4278
6570
2337
6966
10188
2319
4524
12487
12140
2409
8645
9084
9197
8482
791
13638
11869
3604
12959
13702
5957
1809
4090
6631
552
3014
8747
316
4081
3774
7134
6085
11857
11725
7845
10535
2808
10360
12696
2163
11141
635
5241
1914
8685
7501
12083
3132
6998
12549
2757
9493
11597
2900
576
6037
8397
12534
10391
13580
4005
12330
10444
10952
3994
7467
6329
2044
5432
725
2330
13715
742
9176
4049
10229
7616
5610
10639
10572
153
3241
5617
10640
2222
10303
1216
10458
8545
12114
5542
6938
12690
8921
12999
4081
7357
3456
9934
3775
4290
9151
3055
5910
10974
6299
3267
2402
202
7137
3921
3310
7334
3556
2867
2832
12937
6305
9743
1076
10431
10756
8349
12317
8382
2188
2119
11698
54
2757
10780
8597
9461
5086
3270
8616
12658
7377
521
1172
13690
167
13968
12611
11639
5594
6161
9590
10554
3808
284
12166
9390
3248
12707
1012
9718
4079
4587
9564
5163
6218
3223
9557
11797
7978
13780
5141
6504
9836
8703
4901
13250
801
13407
1787
9287
6813
6826
3580
3607
5683
6842
2354
13853
11106
5145
12754
7597
8329
8523
10367
2423
1154
3580
1035
3334
6143
6665
6968
6734
12818
11002
8137
1359
11973
8812
411
4225
7385
12054
9882
3027
6950
7123
9131
2551
4303
12530
9252
10366
4239
8470
10397
6560
7255
458
4385
8536
6086
10999
13884
9819
8240
11846
644
7864
9369
13505
8573
9602
3473
2987
6681
5054
13779
5801
7607
4949
6940
8887
7823
10190
1420
3411
5384
5757
10845
1100
2961
4781
10929
1244
5590
6625
13831
12215
4904
510
4142
2928
5100
13545
7737
6215
900
11238
1365
4861
3454
5472
5300
3244
5096
2924
3476
3503
5677
4867
130
9749
1734
2887
701
8440
3969
5496
3760
8607
3694
898
2514
5667
5501
5233
7020
3085
12157
8679
306
8631
4180
682
7674
8182
12068
3236
13358
2824
9892
3313
5914
11090
2212
5957
833
3623
9737
4667
1013
11486
12283
10769
1666
4938
10486
2242
2069
13290
632
4986
7952
1502
9089
4332
5508
8705
7376
4548
12272
10310
11784
5186
8987
5771
12844
3666
22
6965
12787
10024
12933
6100
12870
5588
6689
2430
10696
5096
4175
5796
7078
13697
2657
7211
13896
12673
9618
2201
2634
807
833
10307
8387
11668
10123
14220
11198
3366
6771
1490
9635
663
7985
6740
12318
3114
3169
7094
14092
11136
314
8973
8503
13282
11311
3469
7215
4064
4966
12315
7389
6722
12675
12621
6613
8677
9527
7471
1672
1843
9229
2635
730
6819
5223
8395
6292
4705
1469
1747
7310
3131
9926
6590
11218
3014
13213
6110
7021
13212
6718
6972
6371
6880
2394
2373
13421
2555
2839
1602
2820
13354
640
3760
2066
8053
4541
11350
7296
2485
13010
12988
9155
9730
12012
6069
11370
6425
8084
9968
5543
13281
4846
2010
5773
12128
6237
11993
9131
6294
2506
1445
6061
1465
43
6200
11347
11596
4819
2027
1637
13060
377
10630
12655
9092
8818
13143
2464
669
3769
13153
2355
953
5498
9271
2779
7472
12777
13121
13036
7529
2979
2868
7821
9511
13205
7019
11118
12144
9310
5757
7727
234
775
6465
2036
13854
11507
5374
7427
3155
3603
12572
13550
10332
10272
11902
7028
2002
10839
10485
11626
1431
4452
12979
11041
9846
7723
6018
8483
9083
12184
8136
5134
10485
6760
3525
3757
7139
8414
10086
4855
2804
203
3427
9113
2808
3777
9454
3141
3569
7375
993
11068
14286
10482
8347
8526
7106
8875
14175
3983
6082
4247
13047
10433
3030
5039
3493
12069
10323
11264
11365
3523
8440
1547
6252
7119
9227
11569
8381
11742
6705
11206
9868
11861
14177
9348
2333
9476
7852
2197
2058
6663
9303
5625
2737
4925
3408
8864
863
704
4283
10957
13224
2073
5971
13880
2610
12643
14456
11108
2830
6347
174
13094
8465
6998
4313
7969
6817
12519
7053
8902
12686
1377
7212
5977
12073
4557
8924
10599
1249
12090
13057
11056
2247
11741
8402
10815
8618
10827
376
5716
4074
6904
2308
2293
13260
11950
14187
8194
4175
1482
2147
13277
5585
3328
3560
431
7838
8668
2908
10315
1015
6968
3479
3266
9718
5266
1738
3828
2558
3936
10423
10025
8100
3904
6399
14408
5155
13024
8742
12008
4134
11614
1915
5483
9553
4066
8737
13264
14045
12268
10808
12401
1430
10460
8949
3608
9762
11129
6875
5662
9284
232
4369
5437
14357
7989
3582
6852
12723
13302
5565
5943
10415
10297
4281
11937
5099
7362
3832
1997
5862
10326
13000
9108
11894
10434
2796
11873
1341
12837
4184
13446
12398
6705
8257
4413
13130
14349
6303
9059
13612
3804
7699
9421
9718
3052
8926
13395
13434
14425
13089
11856
6562
6221
14258
7807
4074
9787
13715
10699
14504
1113
10536
14563
6059
5109
2774
8866
10426
10163
13058
9033
6763
4260
8515
9464
2791
4397
4550
1763
12639
12631
10187
14462
11838
8554
11248
8392
3327
1018
2037
13643
13881
12769
11921
11705
7605
5297
2112
3933
7591
2345
6543
6250
3522
3593
1121
11806
10503
2738
7305
5033
9608
4601
13751
2088
11631
3950
5426
11201
6449
11895
13461
8514
11781
488
10705
10344
12405
8608
9862
3819
12971
12882
8237
10449
13338
8428
14136
10182
2107
1168
2656
4815
752
7455
2735
1511
11712
11407
5491
4911
2771
7617
4338
2904
2330
13719
3284
10081
7957
7491
10102
2775
6294
12927
6395
1942
4294
6653
6364
14424
3404
1342
3821
9889
4514
6505
2413
6183
6250
12376
804
3200
12505
8158
22
6933
985
9176
10891
7348
8489
3218
2508
13178
5741
8610
14122
7783
580
10280
3090
10109
10965
9796
2525
6047
8697
5403
13360
11378
10054
14058
14628
3416
2497
8531
7230
7602
5565
6926
7835
13700
12725
9914
8081
13137
5572
6830
10768
6724
13139
896
11020
2206
14654
13717
10062
2487
3955
3113
11632
11674
2230
4784
5068
13816
14651
4430
11401
1293
1256
9135
7474
5332
6488
1051
8424
3186
9203
10287
2298
11970
12191
369
9556
8195
4055
6052
11400
12812
6546
5057
7842
10444
7998
151
12681
9168
5392
14262
13155
5926
6396
6888
614
14605
10599
10397
14151
5794
10145
2058
6948
7608
3211
3799
6441
9683
2251
9573
1307
6337
13072
7505
10037
1377
10460
1050
5799
9516
12778
2679
8649
14617
793
2348
12557
8216
7706
1508
9158
14720
832
12084
7852
5299
5572
8954
13272
3018
171
14470
3828
6486
12235
1294
14022
8672
4404
13856
11236
10477
3552
8575
9511
14786
8753
4706
1471
5155
6944
12244
13476
10893
5409
2971
8059
10542
323
1248
10808
4863
2182
1716
9813
3599
3714
8810
5072
8111
8459
72
10350
14316
6848
8249
8083
6457
12568
573
7403
7558
7459
8508
6099
12664
13476
5935
13603
5195
2442
1570
412
10554
13475
7158
11268
5794
8708
7820
12600
8982
9539
6554
14828
8362
8936
14310
6186
4922
4073
13423
2493
3320
2621
8520
12700
11185
12817
4967
5920
9423
8250
4920
2488
5563
6142
312
7584
3968
240
8617
4079
653
5080
12893
2200
7225
621
4874
4315
8035
7820
11221
10359
5809
532
4621
2827
9431
2493
3487
5040
11625
5330
11619
11499
1382
12459
9287
13901
5879
3446
9010
13749
1837
10945
10126
8376
4069
2358
2457
372
14097
13005
14871
3368
8411
14442
11702
10892
3285
3566
3458
5832
10218
11440
11134
12583
14363
103
6487
13770
1709
12781
1915
11707
7313
14601
5436
1851
9510
3363
2109
14284
160
6915
11222
14823
5085
8798
9029
2624
3240
4478
6732
12544
7826
14147
13237
8299
6598
6658
12915
7456
5008
1572
9619
10343
8885
1776
9221
10813
7036
486
13891
12109
11717
7630
4768
392
10450
11311
13163
8349
15065
11663
9457
11536
6202
12864
10524
12014
8685
7687
12614
9280
12364
7692
14005
4121
8401
11134
5272
13095
6286
13406
14278
5929
8134
9398
13317
8644
1816
328
4052
4781
3830
9752
11631
15034
11617
5698
3909
6516
10313
7642
14472
9868
11819
8578
13687
1804
10926
13838
4430
10730
7513
285
12966
3
13349
10078
7322
7674
13738
7392
13872
1891
3788
1968
6467
6480
12097
13947
5718
2588
7579
5785
9328
6679
2249
4851
5688
4199
6001
10020
9823
9698
13315
12255
7329
7080
1905
4789
6442
4609
9102
3979
674
3046
6661
13380
6996
3528
6771
9847
7736
11671
11655
2442
8961
4703
168
8061
3198
9459
4439
10805
10666
1229
5905
11793
7481
7597
13832
8585
11072
1154
8575
3802
10
4767
1818
8867
13052
6278
12504
3937
7861
11598
8697
4720
12567
4783
10920
2750
13970
12586
11953
9710
14782
14671
4178
13880
7774
3974
5186
9383
3438
11121
4561
10743
6091
14279
5929
9183
3240
5120
11410
1385
10205
4077
14776
13490
15188
14645
1248
13088
665
11709
6645
4722
2088
3764
13778
1740
572
8529
3414
350
4390
8005
607
1938
9664
12753
4057
12615
10525
6312
11728
5378
8145
13468
204
3008
3490
13103
10688
627
13523
7965
6033
11507
3881
8533
9157
6840
3999
11233
6353
11926
9538
7511
2237
15146
14691
231
8943
14992
10572
12949
10231
5062
12571
6099
1149
6968
13572
10377
4356
10753
2045
10880
5354
4841
9137
13105
13707
12870
7192
10740
1423
12805
6240
5569
12796
5560
2564
11388
9315
2190
6128
13414
2520
2534
319
3607
2671
10658
3249
10591
4747
8698
8195
14607
5707
6643
4851
12192
2055
7534
12946
5424
1689
11389
7317
11251
14764
2974
6122
11039
1628
11675
2857
13931
2113
5457
1991
5864
6137
8838
7631
6563
345
10580
9420
9045
4332
1144
11017
8230
1403
8601
9881
779
13054
5463
7565
3692
3429
1975
14851
13129
5801
7850
9951
9182
2710
5526
5815
5686
6968
6886
210
7455
4794
2169
4812
13546
1996
6413
426
10814
14380
3244
8619
4548
4983
12297
15146
6641
13751
13422
7551
7717
104
85
2739
2201
2624
2810
8169
11247
13876
4441
8789
10727
14387
4676
1675
14527
15157
4548
5968
6070
5835
3431
13873
5011
8563
6615
1029
15009
2909
9652
6395
8660
10128
8678
5676
4772
12109
14342
6509
12982
2320
12995
3075
5122
6355
9306
14775
10014
13707
1323
1666
8802
11632
3420
13142
7106
13732
15454
9967
4325
7545
7467
3805
5324
14213
6770
2887
4387
1012
12136
11921
2945
2956
11465
972
3236
5698
5042
13384
15288
12919
14340
12367
13405
5725
4224
12710
12396
12125
7130
4643
15308
3348
532
9373
83
5329
6248
3619
15317
9495
5104
1839
10162
1739
15126
5332
9243
7668
9148
4160
7902
13138
6913
5613
9733
324
10561
3508
7288
5930
1351
12577
3471
664
2709
6480
8368
9882
8869
1458
4916
7944
4346
7418
2460
3606
7916
3463
8164
13207
5429
13074
7179
13575
12862
15445
3629
11766
8305
9360
11337
6344
10310
2644
5037
2764
9460
9741
4018
6186
12172
10737
11088
131
11378
250
15382
3790
9162
7820
844
1740
10386
444
13299
13227
9527
2826
8633
12488
2936
13108
1030
12432
15194
5870
9825
13319
14751
5027
6713
1423
8250
773
8225
10880
8650
12821
11443
5115
9997
2162
12989
6316
13430
3385
563
198
943
10685
3965
10940
13185
1645
3700
1873
5919
9190
3212
12828
14243
15287
6932
13628
13840
11977
5534
14715
8308
14815
1623
12388
15398
6176
8738
6457
4716
320
14544
1871
15331
3456
5984
6300
3240
11199
750
7563
6189
3694
197
15714
14010
9269
4923
3768
7719
8182
11524
14761
519
782
2827
8087
11451
13559
14537
4578
1182
13235
13188
3232
10678
3414
3598
8733
12526
4055
5173
4633
7799
9966
13014
11765
6517
1361
7705
6112
12583
5646
7612
2514
208
3305
8611
11731
5644
14476
6381
13392
6235
1592
9246
9606
945
10435
9728
2405
4440
12966
9467
6029
10792
8315
10516
12432
12975
2609
7936
4927
12743
6937
129
14355
2021
14170
11075
2150
52
3847
4121
15108
3645
12277
447
7030
6674
11927
9087
9157
8162
8185
2255
1935
6393
7904
1468
8682
13059
13267
741
7187
12797
6361
5496
10538
5319
13158
14662
5480
6129
9440
11025
2043
13615
897
1785
4310
1584
13528
10976
5887
8849
14375
15118
14132
2494
10173
10396
3204
590
9080
6111
5827
13697
982
11466
5061
798
12209
6930
4661
6360
4945
2952
1280
778
10656
6249
9563
6282
15291
1618
370
4237
957
8449
5793
10695
3268
3649
14706
2992
9501
9938
13598
11925
15727
2587
12391
8939
9260
4317
15120
1381
9371
7449
3065
67
571
2069
11213
6091
257
8684
2200
8624
6154
13081
13075
10280
123
5465
5331
3642
11918
2659
1830
14163
8037
14395
15552
190
5181
15741
11508
14269
2739
10088
14080
11340
527
5496
2709
14363
9097
7791
14097
15512
6467
1638
13419
1673
8142
1608
8856
10193
1941
3208
5461
9087
652
9116
3580
10919
3200
11484
4173
1483
12553
1188
13340
11827
4468
12949
14634
5242
2728
9917
14024
12401
15683
4287
14086
7118
14325
10650
7841
6309
8136
3402
15702
5681
3594
15282
2492
7871
15574
14476
694
6459
9326
14821
12627
5246
8277
2940
10452
1369
15060
