0
0
1
1
4
2
0
2
0
9
3
6
6
1
3
2
12
1
0
13
19
10
22
13
3
3
18
4
0
5
6
29
7
22
32
2
9
34
28
21
27
5
16
37
6
8
6
11
39
40
16
11
35
41
53
54
44
45
25
46
60
36
23
54
21
54
44
11
49
24
69
4
66
7
56
28
68
10
37
30
36
25
56
27
62
0
75
26
50
19
89
26
44
62
42
64
78
16
40
10
100
94
14
36
56
67
56
84
68
103
7
36
102
52
53
70
99
46
98
117
0
6
29
12
35
51
115
14
39
14
107
88
112
83
73
129
119
99
97
119
72
42
122
130
83
1
144
144
25
10
117
137
109
56
112
70
83
3
44
70
99
110
43
54
63
156
44
24
140
61
42
143
92
140
125
0
14
17
102
151
173
118
49
59
118
45
32
2
85
41
186
78
189
77
6
120
22
109
37
115
35
145
63
26
98
194
95
135
208
108
189
154
130
50
147
172
179
169
174
188
160
42
72
31
190
65
152
50
144
93
150
27
172
104
156
29
26
25
207
128
198
17
2
167
40
164
0
209
175
200
193
45
125
156
246
134
41
16
78
21
110
171
125
161
48
130
248
30
248
141
64
183
44
225
10
57
121
170
77
39
218
107
220
189
246
88
284
97
65
150
55
150
176
231
223
65
159
241
242
14
29
218
81
241
295
280
145
268
254
16
109
115
260
24
119
284
153
302
229
244
160
282
52
37
75
264
72
224
326
103
164
235
30
32
234
247
237
304
328
41
275
123
279
270
9
108
19
22
38
346
62
200
32
271
80
178
333
67
331
347
178
11
346
72
256
217
293
307
17
31
15
367
240
284
1
105
91
350
242
328
99
4
348
28
78
341
302
16
55
174
216
253
72
384
83
147
350
326
101
318
225
330
269
246
116
58
46
352
95
50
237
217
47
261
72
202
64
53
123
16
127
279
119
241
218
294
386
168
349
75
111
190
333
364
22
60
366
302
408
146
339
209
424
276
36
106
173
32
285
198
257
241
363
421
363
326
272
58
237
301
380
123
151
107
214
210
433
385
370
19
167
83
467
302
325
341
407
391
2
461
151
158
125
44
206
231
145
301
97
487
440
480
142
202
123
490
125
65
372
200
108
458
123
4
238
165
168
484
143
181
126
331
292
61
16
404
136
122
98
166
172
267
166
443
492
89
90
102
426
35
416
469
413
36
315
326
419
375
226
227
116
260
202
381
443
21
228
366
144
444
195
16
250
59
112
37
512
409
229
413
351
146
182
505
440
546
293
262
514
255
56
333
36
111
544
252
544
324
105
61
114
266
55
572
510
309
210
443
393
217
353
142
120
28
204
58
450
251
590
131
142
255
280
13
485
374
552
145
130
81
151
250
178
258
404
108
437
9
256
381
378
186
507
175
604
600
91
447
114
377
428
408
71
394
123
432
90
39
413
612
320
235
27
435
50
174
89
199
184
324
636
131
54
332
639
436
199
442
424
571
167
398
260
248
579
471
537
533
490
577
172
64
542
252
407
48
520
659
435
150
189
268
439
629
563
330
123
115
40
81
68
286
576
599
676
91
656
152
199
32
420
668
687
422
95
648
519
291
65
232
485
222
92
693
608
175
135
200
301
107
104
347
156
98
554
609
698
173
675
549
499
610
10
403
69
222
256
401
264
117
560
731
589
575
414
324
693
716
46
311
404
246
250
17
560
130
486
722
660
156
233
30
658
15
299
757
381
457
286
251
723
740
210
609
516
318
670
499
38
307
516
539
683
614
143
500
95
517
699
541
204
650
389
754
421
706
434
368
655
519
424
157
631
246
780
511
179
795
235
647
561
656
246
691
80
195
731
173
719
47
532
508
78
583
713
537
2
637
160
660
392
752
347
291
764
370
762
203
291
713
105
385
256
415
359
191
806
281
409
594
760
570
484
670
270
833
781
367
566
418
141
554
694
797
26
343
454
571
3
419
116
383
359
595
136
628
369
282
4
313
144
726
878
579
695
720
311
851
637
247
296
518
198
92
511
66
520
880
54
405
134
555
38
514
122
534
168
290
337
319
438
22
411
672
273
112
883
615
162
107
25
353
168
150
132
361
781
798
730
60
131
260
576
145
875
390
492
721
121
324
858
905
238
915
575
739
442
27
29
545
379
499
3
44
819
675
588
128
532
700
246
578
832
102
326
824
357
550
961
340
3
802
238
870
929
951
218
111
523
427
548
267
173
307
447
939
838
814
293
759
808
721
91
581
759
915
62
533
805
245
