0
1
1
1
4
4
6
3
2
5
7
11
0
12
6
9
14
6
13
19
20
2
0
20
16
7
10
14
27
8
5
5
22
18
22
13
33
0
34
13
19
7
26
1
13
12
44
0
15
34
49
17
41
16
3
39
41
30
50
48
12
36
14
59
39
25
51
28
9
59
29
10
50
55
9
66
45
61
45
43
76
13
21
4
51
17
58
43
43
81
3
13
17
86
54
94
51
43
47
11
54
0
81
21
3
42
73
71
11
57
110
27
94
109
8
12
14
77
52
22
28
0
69
36
118
121
20
85
79
116
30
27
48
15
74
108
125
58
138
39
6
37
68
55
73
114
25
57
2
64
21
25
45
21
61
15
70
102
6
118
63
159
109
14
96
11
119
118
21
126
35
31
49
50
70
50
111
30
31
125
70
153
157
108
17
85
170
48
94
64
60
182
90
182
173
95
88
94
90
62
112
191
146
133
32
10
5
39
138
156
22
27
0
123
73
138
25
2
84
62
4
35
188
12
161
6
73
140
45
215
71
221
220
41
164
155
50
141
84
31
70
128
71
212
71
150
113
92
17
174
210
181
15
120
102
213
213
136
253
98
127
207
172
90
50
137
138
168
12
93
270
51
59
130
12
40
112
272
0
48
154
126
21
68
34
53
139
212
135
232
175
48
269
97
279
236
202
31
235
22
264
159
20
55
275
222
169
112
269
44
93
222
167
139
240
58
163
296
217
285
39
205
21
43
202
265
210
149
146
276
144
313
7
40
321
57
252
97
104
40
41
226
109
118
65
44
333
254
193
319
106
48
179
74
85
268
11
44
152
254
273
31
135
57
257
302
138
240
247
343
193
181
291
193
175
47
221
316
119
171
339
321
143
116
279
14
217
161
322
64
306
0
318
176
373
108
340
20
351
155
50
86
268
34
120
314
272
268
182
368
357
23
150
92
369
35
180
58
32
372
133
76
259
38
239
155
337
42
428
269
163
114
302
254
312
67
84
30
420
264
165
293
148
25
308
202
323
44
112
9
193
17
133
81
314
288
270
188
209
142
377
48
398
52
175
308
212
136
10
332
462
226
322
288
254
184
30
15
367
143
256
331
353
101
89
15
408
167
1
242
482
73
163
203
225
466
82
446
35
437
117
85
145
407
437
427
94
329
133
385
134
145
151
154
282
258
165
449
18
91
57
208
339
254
106
252
124
8
60
350
123
56
141
438
367
347
385
236
63
349
411
129
25
270
336
175
28
469
342
143
525
206
461
300
473
337
103
315
251
190
238
171
156
416
562
372
292
443
453
204
231
281
129
554
567
112
451
397
20
431
319
120
384
129
543
433
92
4
454
11
46
124
590
5
252
50
519
362
500
289
234
297
547
10
530
75
107
350
545
32
403
278
610
213
254
59
266
92
123
456
433
363
153
11
578
362
382
356
195
510
8
481
46
606
235
67
394
389
219
504
523
314
268
233
100
355
18
242
380
226
453
628
303
44
317
601
450
315
87
93
400
267
395
159
559
429
36
436
437
602
549
202
259
560
437
104
462
292
153
496
69
555
292
24
197
561
203
183
9
372
96
448
643
199
551
492
672
149
667
696
440
76
141
249
73
18
593
367
277
393
534
671
115
274
600
61
347
614
107
49
704
520
366
265
513
265
81
286
539
110
71
403
451
599
306
580
125
549
294
115
477
111
536
14
203
567
545
142
139
747
113
347
32
416
561
197
168
164
5
416
633
160
568
609
691
157
72
234
205
34
537
685
139
592
703
330
685
100
660
231
329
556
513
565
735
18
681
58
485
64
468
393
763
370
639
751
250
491
225
793
644
742
638
119
147
152
117
784
798
744
125
192
105
212
611
779
659
612
805
117
488
549
81
722
170
757
471
217
586
813
551
766
534
457
323
231
18
289
422
155
149
12
38
334
786
736
604
671
839
643
796
483
206
341
574
332
414
410
390
8
395
164
55
585
616
792
763
804
726
393
12
10
72
763
572
872
838
706
79
687
264
136
380
45
781
413
21
114
870
780
851
108
250
585
243
865
223
708
136
132
777
343
383
410
901
9
292
849
402
185
374
877
271
372
471
656
905
163
260
33
633
634
4
194
753
411
609
157
314
18
172
168
771
552
175
748
113
639
200
750
419
826
710
722
269
327
58
432
735
151
774
586
628
173
606
820
3
620
319
669
895
239
78
315
568
198
889
122
64
14
63
438
55
736
180
120
882
750
168
532
440
395
416
691
149
94
242
254
124
198
604
740
159
737
522
722
243
920
850
658
755
674
231
1003
870
577
49
394
877
878
261
333
322
509
724
831
919
146
330
917
804
373
685
685
751
360
621
191
414
590
870
100
1010
662
46
857
462
555
102
490
410
365
618
530
820
270
770
942
403
68
315
167
915
160
818
512
259
1020
153
428
408
952
437
493
271
718
59
136
79
187
604
142
615
568
965
781
351
259
165
21
227
487
1045
26
468
738
171
879
391
677
752
765
624
163
4
61
85
106
889
743
177
419
713
317
791
750
399
452
808
328
965
1099
975
681
817
703
579
809
473
376
248
265
898
123
1012
1124
954
592
58
490
899
1050
401
508
543
901
497
804
475
65
285
475
806
637
638
1074
736
343
1030
322
43
68
1038
469
614
3
899
1044
308
590
764
397
155
62
680
544
950
634
361
11
6
608
907
44
1162
58
387
809
763
1089
517
226
95
615
189
141
542
537
201
665
481
658
406
562
768
986
133
818
179
486
1063
456
990
954
185
54
794
598
602
522
933
652
1036
1181
1213
405
441
359
179
781
554
1115
332
1208
921
1211
172
1121
1033
483
197
1000
556
747
531
904
340
283
767
840
1207
222
737
1238
356
363
194
63
795
804
42
102
684
59
987
311
803
735
297
7
640
320
155
96
383
1093
541
904
498
1134
1084
878
1154
1005
187
96
15
751
627
936
230
384
501
353
548
485
1020
676
1270
709
244
508
497
1200
1160
620
956
424
411
34
756
90
787
701
718
1174
534
1094
508
1249
1241
134
285
883
1166
652
97
1132
1134
409
1242
1264
991
649
1286
539
877
295
636
338
457
1315
485
497
1233
178
159
53
193
372
681
800
897
1117
4
766
538
780
1322
2
1172
214
997
1002
1254
191
142
172
1012
467
385
879
491
1078
1009
652
137
1024
562
444
640
869
281
587
617
1064
772
127
1343
402
218
902
672
26
1042
600
467
324
1087
515
1168
394
731
668
1238
366
350
634
486
1151
911
394
1096
168
1287
145
957
132
717
610
816
230
1065
151
1239
722
803
160
1256
1255
1097
13
1044
281
1356
1119
322
1308
1262
1163
1093
269
659
1111
1311
126
858
905
1069
357
593
697
712
1109
1152
589
129
1145
197
656
1360
596
600
138
114
834
1191
428
342
633
1246
479
81
272
78
421
558
437
107
600
627
1265
1149
92
106
1390
848
779
576
92
516
489
354
1046
1282
186
562
163
1087
285
143
1484
1373
579
74
864
512
783
473
13
216
1191
580
870
1003
1441
630
230
112
808
338
67
787
1158
1215
976
158
223
1362
335
898
399
764
475
92
1032
1138
1313
25
29
1148
416
1301
1213
230
404
965
224
27
1375
709
526
1024
858
771
1502
1499
50
49
877
205
882
450
137
673
370
22
1232
65
1188
767
1096
785
305
904
1480
26
592
337
1170
1375
1046
1498
281
792
1524
322
1186
31
138
1555
800
1377
1188
186
697
609
715
1194
134
868
1214
1215
1193
1438
1358
396
1263
1378
42
1070
1329
1171
1565
984
1051
1105
1358
621
943
152
973
447
629
905
559
264
1213
318
29
1078
1061
648
492
338
1557
1163
122
1520
1595
842
1116
1110
1392
1262
1109
686
698
241
374
1300
171
1414
513
1397
299
258
503
1476
32
390
577
1276
631
97
717
1480
268
1145
628
442
507
389
810
892
351
103
1449
1279
85
1319
1335
1100
728
200
4
521
323
659
164
871
51
1621
1680
1195
206
1440
1285
235
901
1214
813
1563
1480
737
1504
1327
1096
797
487
222
1527
1701
1499
502
1108
1557
1203
512
566
404
654
780
507
432
912
983
537
786
1568
289
580
923
1475
794
666
808
1350
267
1039
505
398
521
1428
1532
875
994
86
1062
1703
1642
1038
532
367
1359
425
663
1619
239
803
653
469
1492
604
1539
521
518
406
1460
1523
723
351
1390
1464
281
22
846
1107
25
427
999
936
1769
1248
635
1020
1312
633
719
454
109
895
793
1638
1368
1697
520
678
1421
642
932
474
952
764
874
975
237
170
211
1642
1272
1390
1052
157
464
984
1598
1534
529
720
1357
1459
486
11
71
602
1354
675
1082
812
969
1772
248
1616
301
1741
270
1574
1334
556
1554
1189
949
1791
244
751
1757
168
230
1068
1486
1488
431
1665
1298
228
1447
603
185
1799
376
223
1737
401
113
365
779
1520
860
1317
1096
1766
477
452
396
1601
980
840
830
1397
754
1631
523
1265
684
1350
573
1743
1670
210
627
706
630
326
463
1031
647
1539
1587
199
147
888
1565
80
1702
1782
1875
163
68
1104
1865
1126
704
332
1041
286
1659
1645
1774
1332
1864
260
593
556
480
780
696
991
1452
1193
1360
1315
1376
1400
1893
696
279
446
1569
1007
1164
1372
890
1058
663
1360
750
1454
64
456
312
1277
833
1470
1779
764
2
308
461
703
536
1471
271
157
920
1790
1793
1380
932
47
1362
1627
666
176
984
1431
186
220
1925
1202
1158
1439
637
1494
1971
1546
1500
253
170
1115
476
1891
453
1473
861
1031
35
1428
493
763
1512
527
1946
1170
904
407
1426
739
1686
1780
