0
1
1
0
2
1
3
6
2
6
3
5
7
3
4
8
5
0
6
18
19
6
19
8
13
11
19
23
22
16
16
23
30
13
34
8
14
4
2
32
29
12
2
24
27
5
30
24
28
36
20
21
26
31
20
8
45
55
39
24
19
12
43
35
56
64
66
14
7
41
68
10
14
72
16
26
36
48
39
63
14
75
74
12
44
13
38
58
37
21
19
7
60
13
36
3
55
52
88
17
97
53
54
12
81
56
103
41
16
51
100
53
16
97
59
97
110
1
69
61
13
101
77
42
88
26
65
3
64
116
27
111
104
5
24
6
96
27
4
5
127
23
136
128
61
9
144
77
30
121
33
140
129
3
111
146
57
113
85
129
155
35
55
39
81
97
150
30
16
67
136
79
154
126
2
81
175
176
85
167
122
144
58
31
20
105
159
168
169
182
86
30
151
47
110
172
115
144
56
46
16
128
113
156
132
54
46
104
185
200
176
33
128
118
20
125
128
150
195
32
119
152
61
199
165
221
117
4
114
146
74
52
61
211
162
202
20
130
96
98
75
188
25
95
207
5
34
60
208
157
184
101
215
192
205
97
113
204
108
171
102
10
17
262
264
170
203
127
68
142
37
106
172
212
273
236
177
238
149
163
243
60
11
106
224
112
21
55
220
232
208
5
216
65
283
201
96
73
256
265
217
217
112
295
241
226
15
131
31
0
234
201
35
107
177
69
214
2
95
163
194
262
174
39
231
274
54
246
102
4
206
56
37
243
282
281
9
317
171
84
323
33
79
104
303
9
229
99
154
56
32
315
42
249
332
165
122
348
85
188
108
1
319
238
44
365
327
183
1
328
145
64
225
16
137
96
208
163
122
203
84
99
274
67
68
156
325
135
203
48
361
213
160
315
318
43
142
379
383
179
107
123
335
285
220
7
111
181
43
319
206
16
187
322
321
123
215
246
396
202
366
244
290
248
289
411
307
265
425
232
294
289
27
390
82
307
136
215
78
66
425
14
103
393
34
95
11
320
158
151
393
194
199
2
173
119
112
336
136
14
323
396
17
416
67
117
13
155
433
296
56
236
81
361
99
204
434
440
460
186
306
377
78
277
328
383
349
417
55
321
141
348
446
465
119
111
198
404
183
449
142
213
316
328
86
354
226
395
340
413
117
75
49
405
178
322
111
28
23
213
38
114
316
523
77
200
380
321
73
248
128
270
412
356
464
278
382
285
359
193
292
403
5
259
461
140
173
201
388
149
134
508
110
84
209
249
537
185
493
330
238
422
30
330
26
115
293
273
57
568
104
347
203
535
108
442
504
417
536
397
62
337
403
56
102
170
457
376
29
476
181
176
279
12
547
79
310
312
593
348
130
528
181
267
429
164
170
160
594
605
49
467
285
111
101
562
206
156
315
201
495
44
398
456
244
509
518
408
49
162
267
111
364
567
176
165
360
203
456
555
567
287
389
146
17
224
0
9
169
67
349
629
286
35
138
208
47
254
305
235
156
187
396
251
465
157
480
24
296
545
438
498
75
348
516
151
400
31
332
533
260
157
244
127
260
347
149
217
422
372
161
465
181
385
434
58
83
47
541
130
320
53
60
257
657
496
274
363
557
430
524
643
453
209
90
516
615
568
460
402
143
485
313
145
410
721
223
140
95
684
223
531
463
593
27
598
284
460
711
102
124
194
437
84
338
278
647
226
712
446
376
520
78
298
67
125
418
585
533
73
191
434
476
323
476
358
555
635
661
623
235
31
114
315
766
649
725
623
644
301
26
193
392
265
210
21
431
66
14
142
628
723
687
295
617
461
650
557
717
736
576
121
714
96
602
161
348
194
347
564
109
680
301
693
332
586
78
495
429
810
585
359
275
488
489
725
551
611
293
276
434
381
691
675
226
585
240
634
224
165
75
268
616
390
726
110
149
639
310
385
490
10
480
377
185
735
222
520
564
185
314
470
8
559
805
592
374
23
13
760
682
431
323
788
355
63
392
786
228
337
523
755
509
613
771
68
713
106
29
557
340
511
762
107
496
419
601
54
575
209
397
117
517
612
199
332
363
732
166
779
523
556
855
241
867
821
153
456
177
486
267
907
833
274
887
67
919
449
776
501
518
363
57
651
536
913
629
264
674
303
761
15
78
839
701
347
133
58
197
336
711
372
778
374
20
621
685
0
512
257
883
717
740
501
892
952
966
235
425
464
568
218
477
174
297
731
254
219
628
505
408
716
618
187
565
618
815
867
427
148
506
616
912
485
99
419
562
457
952
840
756
930
796
561
944
900
584
64
446
579
988
767
762
618
943
931
427
948
651
292
265
7
900
577
972
990
645
390
236
820
982
111
72
966
466
87
971
88
110
1033
321
765
775
885
640
102
624
6
987
317
667
339
977
655
967
603
860
779
241
184
1012
92
754
690
888
288
648
260
983
864
827
71
61
964
666
377
196
213
658
294
786
320
531
339
141
219
678
823
1031
106
696
849
85
226
206
108
921
981
609
1049
184
730
663
779
963
93
485
811
958
567
611
857
803
187
289
13
830
444
496
726
932
800
313
164
557
868
785
1027
337
305
1108
49
390
551
594
476
1033
85
385
366
631
815
1067
368
983
659
706
729
523
84
125
802
854
1076
241
213
911
927
260
902
1014
742
471
755
708
377
685
926
341
220
281
629
211
1025
460
883
188
826
955
143
943
1077
906
1083
786
462
247
628
547
536
501
179
1094
1016
260
442
815
1124
898
917
1111
290
581
840
17
426
450
109
71
1209
128
974
771
984
568
114
667
287
369
124
434
976
200
810
455
163
218
507
479
571
973
695
372
608
337
1183
1114
147
529
107
982
652
314
578
1205
400
774
1220
131
237
387
468
970
371
83
845
1104
846
880
39
742
799
893
943
522
533
900
1118
132
654
253
114
915
580
32
973
1222
704
30
54
377
36
909
844
520
715
957
690
752
1022
343
1176
453
751
611
1292
106
54
503
158
54
777
97
490
759
203
510
919
1080
550
998
915
634
1270
570
744
532
1000
167
1138
210
1150
365
946
430
1246
1042
6
422
601
417
1273
522
1056
1199
909
244
542
642
1210
631
59
1029
1219
1307
1267
535
829
1107
877
382
1104
861
1117
857
1194
1071
48
747
222
364
45
1139
134
1177
677
1298
249
243
1018
414
878
1260
50
1269
1334
1255
710
1310
762
286
709
993
572
238
207
946
889
454
841
178
1048
1340
638
855
697
999
0
731
1034
421
1275
1390
438
245
214
1190
898
250
1009
816
344
145
43
338
404
47
1016
838
503
454
329
676
1378
1054
1024
671
895
299
63
1150
688
552
150
1028
657
50
171
1063
813
303
652
1068
1124
582
911
370
679
1380
722
1409
1448
708
1271
384
1392
341
416
305
847
784
44
1340
821
606
896
1169
163
746
346
1227
320
1269
522
1076
393
853
284
65
828
1026
1420
959
928
1061
177
335
1384
416
1068
1147
975
306
1313
1489
977
28
951
149
1149
1346
782
183
1385
1205
429
1435
1064
1366
43
487
246
670
593
335
1081
976
878
903
975
691
474
552
900
270
191
324
87
83
722
893
752
651
1253
306
579
1098
958
949
453
282
353
638
654
19
673
31
1393
9
938
1445
1186
827
594
1171
960
1249
673
426
730
356
296
317
1128
178
104
988
1194
499
1163
1037
645
1236
1388
168
630
699
336
347
1564
912
1008
117
659
762
945
210
268
1203
843
1367
1079
1574
1314
1435
105
333
1004
1168
396
610
1509
1227
1327
1355
1033
269
1371
288
1255
659
279
1491
587
397
261
995
342
1597
51
1108
788
418
2
1370
1072
267
1075
799
1031
342
475
905
397
1137
317
657
760
1168
1526
743
1520
391
968
1485
1590
2
818
1152
985
703
1595
688
240
162
400
1385
1274
259
944
690
295
1635
476
28
838
902
1623
174
1262
1362
1420
433
518
601
973
1644
1127
1254
1006
129
1601
61
683
576
885
1268
878
1607
237
919
1291
244
1224
1386
1441
1196
1216
1299
1172
169
226
301
1471
1453
1098
894
1701
384
1477
221
211
1284
1618
1248
1653
1427
1383
706
302
1584
1476
1215
762
1096
904
1576
480
1572
509
1504
607
1691
1550
1350
275
965
608
742
1312
511
908
1219
1132
178
1008
653
1285
1258
746
49
1471
1382
81
480
356
1742
1247
1694
670
1691
1488
440
514
458
1219
1524
510
80
1344
1478
1108
1012
1517
724
606
370
1634
1604
363
1611
1685
1443
314
1633
1362
887
42
507
463
1640
626
1622
1092
893
423
1792
1282
1134
594
1756
1438
1788
800
702
537
150
1131
894
849
1706
1547
559
1192
870
1671
525
685
1090
397
1463
1643
500
1735
666
1443
397
1721
1771
1482
1652
228
901
408
328
1635
1362
374
898
576
76
207
1661
783
447
204
1683
738
1496
1663
1344
1392
1128
893
672
1650
764
1744
1065
1751
1765
1579
1064
1538
1321
1643
1278
1221
790
1228
1725
145
1014
845
1817
1738
747
1793
1363
1392
852
113
1754
1747
597
1487
303
1248
1314
330
897
1137
1489
936
139
1058
1431
1760
116
392
1843
1184
1813
1217
1701
1741
834
1498
904
1356
1492
1476
318
32
862
1291
1365
267
587
1739
774
1466
711
1029
536
858
149
116
1559
1827
183
489
1624
900
296
637
1585
1085
1107
954
1632
1144
1127
696
162
801
1810
1180
568
1800
638
1361
474
1550
1266
1343
1178
492
1137
961
1913
683
21
609
215
341
1036
1012
377
718
1404
171
914
1445
1750
1968
634
937
1926
364
1014
1228
67
1443
373
363
1965
1329
542
240
1674
7
1890
861
1629
135
363
390
1736
50
1912
1966
1820
1129
1523
626
767
375
1350
612
1292
169
13
1839
1383
452
1108
770
1763
863
681
720
91
1844
951
605
52
1030
1463
950
1800
1319
340
1416
1340
1436
935
1388
1219
1666
18
212
1803
1759
934
1117
667
1316
1239
1215
790
531
116
1053
7
960
2036
1509
558
480
192
1601
1257
750
1466
1161
1243
2053
1991
1052
755
698
1125
1467
526
52
119
366
321
1843
514
133
314
349
1010
518
1126
376
488
1164
135
643
1964
1353
610
200
1042
1462
1012
1701
1317
325
1894
1140
1620
869
1226
2014
728
1566
1004
1279
1519
11
1385
1606
59
19
367
376
381
88
801
2023
1998
275
1539
2014
670
1995
1184
127
1072
847
1586
1951
1338
1939
1652
1847
1891
1624
915
308
1893
1939
1051
988
2000
1686
1390
1402
1740
956
213
832
1607
1053
896
1832
1771
918
1299
1858
1406
905
981
1305
124
311
249
926
1246
1468
38
428
185
1865
314
7
332
1983
1920
429
721
1600
1469
722
1532
1422
2186
810
1821
647
1280
1328
2160
1776
1269
358
1055
1155
301
1308
831
1752
436
2197
724
890
283
1279
451
822
1334
2206
894
1277
359
1805
1581
811
482
166
1400
663
1757
345
159
1028
1342
170
1024
680
616
979
466
289
672
1644
1623
1579
1733
2162
1145
342
1740
821
2225
1748
429
2045
504
1849
845
1171
436
0
539
38
934
350
1493
99
617
1045
401
1198
1194
131
497
130
1118
1130
503
306
1462
1605
1211
931
1040
1809
1359
1840
1048
1337
346
980
2172
1227
2183
174
522
2117
658
368
2028
436
447
1065
1654
105
726
121
363
1906
994
363
261
1971
1770
395
230
1607
1116
259
1755
10
2050
72
777
2252
2071
375
429
898
2111
557
1969
2189
2119
135
2310
888
1083
1796
1072
1925
955
2323
1122
807
2112
2319
116
527
707
997
1121
1412
1418
791
1428
369
309
244
1397
243
1599
1226
1346
73
893
1087
1957
750
1886
897
1533
673
530
430
898
1358
1172
1621
1633
157
253
648
2321
264
978
1426
1764
64
1535
1050
244
811
2320
222
1846
2355
904
1478
6
1675
1817
695
1543
136
2143
2126
1777
309
1623
618
2004
816
1444
369
138
1084
242
121
2220
1609
1374
1790
1563
471
1296
643
2072
2318
1185
1184
925
2305
607
1290
1497
2414
773
1240
731
242
464
1847
715
1706
1017
2114
500
2121
1978
1620
3
1371
1291
1603
1295
2170
1190
1906
346
2118
392
2038
497
907
1530
1114
72
1453
1857
2084
883
1727
1672
1878
763
186
306
1192
838
2102
1767
1975
650
2159
1791
1895
381
732
1052
1422
1561
206
1772
450
379
1691
269
300
2087
1607
1953
1410
606
1726
595
2452
280
1084
852
226
1234
421
710
337
1
1069
2025
774
2474
2212
1953
2490
469
249
480
2067
1125
382
1171
2327
1597
2500
1179
666
917
558
842
1349
2330
2518
532
1239
1779
2318
942
1232
1617
2152
171
448
1906
1878
890
520
2019
732
1958
2205
1129
555
1631
2004
1642
2044
1954
1941
2079
1025
346
1469
721
2291
2132
302
901
1138
2535
313
553
1603
1537
1054
882
935
2440
1361
535
1354
1767
1909
2399
529
2253
417
935
988
648
2542
1208
1725
1819
1447
1811
1783
293
1499
1209
1660
2262
2569
1433
1251
1492
299
1950
695
681
2553
2205
475
1470
113
2572
2417
2268
1115
1177
1429
2175
924
2109
1560
1577
1136
2045
1729
883
276
237
2411
1831
612
942
645
1480
2117
2360
885
2489
1413
1645
1129
2346
608
347
1276
69
2563
1295
1502
1312
53
885
2068
2322
2061
508
2609
991
415
341
718
1544
2038
760
2179
1079
592
1184
2105
1290
2179
108
2286
1101
490
1983
642
694
1053
1473
1283
917
223
461
850
584
1108
1619
882
432
100
2664
2545
423
2159
2646
2388
192
605
871
354
1456
1483
2468
922
1398
2708
2515
1470
2460
993
288
598
240
1329
1683
462
2355
899
612
104
854
1045
640
1958
1004
1445
1
653
202
2441
190
1918
1111
2180
314
1243
2572
296
1590
1368
1530
2585
512
136
1738
2616
1140
1145
1511
59
2566
411
475
608
1643
1974
2004
1446
1660
1839
566
412
1676
2466
217
2406
806
2179
2425
1388
1923
189
1775
907
2438
2115
82
1959
2755
396
1190
1366
1746
2595
2117
887
520
2534
2485
887
1844
631
1803
436
1898
1298
1034
2662
2340
2254
2462
2790
56
2186
2156
1188
2510
2363
1103
795
1136
590
958
2167
2603
625
1648
32
1660
1836
2807
1349
2758
28
687
436
559
1296
1516
76
2470
2094
1109
905
2721
2355
869
621
1759
1675
2075
1456
415
1874
2729
2339
1092
2491
348
2743
792
2111
1398
1990
1725
1642
2365
2675
1541
1475
1500
2332
1878
2520
165
2435
1170
307
1533
2870
2674
2298
440
2762
1605
938
88
291
1328
1727
1594
2612
414
1189
2218
2482
833
2297
361
526
34
1128
142
2428
2300
1302
101
2193
1067
215
655
2332
267
704
1442
1064
1051
1241
1858
441
596
2667
979
2636
1458
239
2463
624
259
585
2681
1230
1732
90
954
1521
1475
996
1457
2033
29
1797
2166
1476
1461
366
184
1703
1656
2739
849
2725
2259
2753
1539
1502
1692
2654
471
1238
789
2774
1977
103
2718
1429
369
921
1407
1658
259
253
1912
1505
486
1452
750
1448
495
2764
2220
178
415
2806
1065
2769
1419
2364
1170
1269
2019
969
1719
2571
2220
832
156
959
2581
491
1000
638
799
999
2129
107
540
2177
1097
1100
882
1975
1569
1951
2032
2583
1837
1211
372
514
2953
119
1471
619
2691
658
472
2540
1754
784
2061
2731
18
463
1445
3020
412
1023
485
896
2222
2140
1517
1837
1906
1616
2779
2247
1043
614
2706
2858
1212
2646
1460
2581
7
2251
1990
899
828
3020
3022
1069
906
1698
2011
2678
827
2556
100
2763
2109
2230
2138
496
173
2965
2525
1809
951
1867
1414
57
2174
860
611
1613
538
2952
2652
2281
1003
1291
2113
1008
1754
202
2058
1743
1490
269
1045
2239
2169
987
1603
2282
2896
2920
454
671
2971
3037
1940
1635
961
1291
3110
2058
516
1266
1983
809
1058
932
2927
1045
2377
581
2195
2042
618
1124
547
771
2107
2424
2972
2119
1257
940
2864
1919
1819
370
2581
1941
1081
2149
2826
38
977
1936
1010
1450
230
1573
2531
2708
2898
2785
2475
623
1752
1554
2544
2598
713
2272
1743
481
83
3133
1821
2987
1848
583
431
1225
177
516
1249
270
604
2209
665
1091
1586
3068
1773
163
470
2635
1837
2855
942
1361
1020
2490
381
3075
1283
1002
1287
1691
184
1688
2512
769
2464
2650
1837
292
1565
3002
3170
2560
1161
2903
506
724
1986
2201
459
923
1258
2410
2898
2613
41
1729
1132
1107
951
2037
763
3034
2709
1093
2884
62
2873
1251
3144
1477
1010
367
1657
348
2544
956
2841
1229
2060
76
2186
1516
1226
1596
2328
1188
2867
3215
1683
1357
1182
2018
2697
513
933
3141
1018
1423
3267
3260
2713
3018
2218
2001
1033
1327
2524
2011
2976
2502
2611
1650
2303
1504
1803
2762
1057
2961
2340
1851
3204
2693
2041
1218
988
2970
3261
2275
2234
1142
2470
942
2567
1903
1053
3116
1478
3179
2465
2676
2698
1660
3037
1266
2487
219
2700
1898
765
2253
289
1089
2631
1208
268
2507
2736
2695
1582
2545
1637
2477
2051
1720
977
2035
1526
1477
816
1262
1650
312
2907
1560
3190
3076
2249
3237
1471
3182
514
310
336
443
1761
1273
1661
2982
1088
1414
152
1110
99
2071
2319
2738
1351
1683
360
2729
3035
2294
2374
635
2189
2685
51
2299
2042
1487
2784
2605
1893
1959
2053
2882
2560
3092
3185
1197
3069
1121
2082
3399
156
214
2331
1730
414
3357
2349
551
2009
499
463
95
2552
2924
1207
2485
868
526
1508
3305
3083
2791
921
553
759
1114
1453
2649
2252
1048
2587
1090
2838
633
2549
3011
2453
701
2377
1054
2415
2371
671
3110
1465
2182
1029
1930
3201
2212
2413
2725
1681
1862
677
2785
2063
454
87
3305
2307
2834
2095
1067
426
3254
641
1453
2009
603
872
1565
835
2484
827
3416
2260
600
1038
1554
3390
635
2601
1464
1051
1052
2118
2490
2963
3401
805
199
521
283
1840
2605
705
1143
45
215
1494
985
292
313
3059
358
45
1332
1320
368
1162
2330
2452
257
477
1320
936
1326
1802
3092
2273
629
363
3103
1420
2199
1191
188
201
893
592
2297
3085
2413
2094
278
630
2069
865
3339
2668
2490
495
808
1884
2077
2321
140
1245
3166
892
2285
2101
1290
2590
3301
411
1968
2783
552
2238
60
2228
1348
1842
2550
3114
1404
3477
2712
2844
11
360
1989
2156
3537
1820
1615
396
569
903
2474
816
1702
1059
2773
3162
3086
288
2142
3355
3146
716
1611
1198
997
2097
1440
1902
3449
588
673
1503
2758
75
1190
3079
1179
488
3518
1966
1694
2488
3011
2904
1955
1009
779
2349
2452
3373
383
556
2606
561
2732
3030
3130
873
2377
1842
1969
3597
3232
138
1241
635
1558
1151
598
1067
1818
2846
1293
255
2087
181
1277
2218
2053
2228
717
143
2316
1473
705
821
3506
2525
2315
1822
1507
447
1588
411
248
452
314
2751
3346
1560
3127
3207
568
3326
853
121
523
616
775
1770
610
3517
628
2466
1625
2766
1706
3113
346
1680
2510
2132
2958
3532
2736
2076
1447
1644
566
3438
3578
759
3349
3019
388
3150
3293
1059
796
1079
1973
1616
2607
902
2080
2973
1354
1311
3134
600
2912
659
3167
546
1597
1691
1549
2654
1159
1988
851
3010
2661
2611
2602
1355
1950
3378
344
1409
1223
191
1940
316
405
3637
1845
1445
1592
2751
1900
1311
1324
1826
2151
1241
3430
520
3431
2316
1961
3654
1244
710
3729
1930
1083
1232
1406
3474
2246
977
3543
1725
3114
3383
2550
3313
319
3479
3716
2730
2430
2715
3524
1572
1310
2827
857
2781
2982
707
2174
2362
1756
301
3411
1474
523
1279
3085
364
2189
1160
3704
1722
1953
3535
1510
1316
3517
2099
2862
1559
2151
1414
3668
3498
2424
3142
260
578
3622
2980
1465
3534
3097
1163
2764
2125
2220
2480
986
1528
3243
2848
1047
308
2231
1437
1615
709
1671
591
2211
1428
1837
549
917
3376
2053
1257
3617
3747
2246
84
950
58
2019
3379
271
2258
1733
2829
3290
2678
3255
37
3065
3532
2943
2433
2853
3517
1287
1842
3523
3074
21
2300
2181
3844
1546
3171
1423
1410
256
1484
201
3011
265
1914
1581
22
1795
1006
878
1007
619
3761
703
907
1753
3679
2863
2247
1483
1075
2769
446
2919
3022
3017
461
2876
1935
157
1626
3085
1276
3733
2289
2386
1522
2613
689
2676
537
54
521
3196
175
1513
2586
2430
2991
2003
760
2804
2819
959
3254
281
1670
553
3429
980
3939
3046
1355
452
1769
676
1070
3706
554
2910
993
2202
1042
2770
403
653
2700
1426
3850
2507
1270
2236
3433
287
472
799
3275
3301
3854
1245
111
2660
480
61
1681
3498
3905
2488
2024
3741
1592
2255
2847
2900
1752
1615
2363
703
489
3701
3802
652
