0
1
0
3
0
0
1
6
8
4
6
8
0
7
7
11
2
5
7
8
8
5
19
16
23
1
5
14
28
17
13
16
11
16
32
31
5
24
9
14
40
27
39
31
12
1
24
31
24
21
34
20
46
43
39
3
47
41
52
29
45
22
14
34
1
47
59
28
15
24
45
37
4
46
11
63
18
41
45
53
18
77
43
14
7
17
33
2
74
36
72
55
79
56
55
49
80
25
47
51
8
46
93
41
101
62
39
65
99
67
80
17
67
66
101
101
84
0
11
91
85
77
4
105
71
99
121
50
76
28
90
113
107
132
67
106
59
2
74
29
51
43
25
70
54
101
101
98
41
9
139
58
64
136
117
155
18
14
8
1
21
143
19
15
36
2
61
40
145
41
36
118
124
82
144
110
12
109
14
121
147
127
1
47
121
77
109
115
96
48
26
111
164
1
47
79
104
61
86
129
5
25
138
189
3
181
119
150
187
112
19
107
5
95
193
196
68
207
210
97
219
104
58
56
68
87
202
176
3
35
58
95
142
119
76
89
200
87
151
190
61
1
7
38
206
40
147
215
208
182
126
114
46
209
148
190
127
160
37
200
251
245
48
251
117
107
115
0
158
236
189
154
8
248
219
99
30
254
48
7
23
200
86
127
231
68
115
6
42
235
85
120
292
66
170
256
194
246
297
224
0
280
175
279
219
17
217
149
106
85
51
80
161
308
86
68
50
103
225
273
70
152
302
228
94
174
181
152
176
91
286
180
290
233
234
217
193
235
310
84
192
221
51
60
30
84
215
49
160
128
345
181
114
293
267
66
139
5
38
170
68
248
119
228
18
83
343
267
10
169
346
17
119
156
297
272
154
321
284
355
240
285
231
188
350
56
13
135
216
312
338
176
42
380
189
167
281
194
289
137
157
358
228
130
229
30
283
225
126
319
249
331
340
250
53
329
411
267
214
169
200
180
352
83
118
253
202
362
26
376
49
213
305
430
408
266
206
141
357
52
177
425
147
309
205
405
392
116
392
425
375
404
267
169
220
367
327
54
405
415
155
139
178
37
71
3
164
275
314
115
446
322
97
105
201
418
118
400
445
477
424
116
464
408
360
60
404
359
223
354
352
250
14
474
432
31
274
351
185
181
197
480
33
297
322
3
350
65
99
140
99
94
331
383
384
321
365
281
390
399
3
34
353
416
345
124
160
515
230
49
254
301
509
260
193
77
58
46
121
281
528
339
423
140
116
188
294
29
279
69
41
539
213
314
41
60
142
469
56
160
445
418
215
541
123
54
238
262
315
131
276
218
537
31
279
339
111
141
271
301
480
577
23
63
187
355
583
9
373
336
130
43
0
66
143
181
410
127
363
532
456
444
335
202
378
177
303
86
182
464
120
535
193
598
317
270
103
434
309
259
534
268
3
32
289
76
31
104
506
524
550
87
461
55
339
545
330
549
510
80
105
434
34
475
335
184
366
380
519
299
89
522
513
49
443
133
47
425
469
113
307
118
195
303
139
368
244
437
358
301
511
606
171
86
653
499
52
91
296
435
85
587
36
294
396
44
522
56
368
589
147
253
95
596
343
166
86
123
528
240
203
220
84
82
295
406
581
13
472
178
562
375
552
220
363
685
659
460
79
124
6
225
14
718
306
247
312
10
721
443
60
469
650
112
606
634
2
696
605
738
285
411
426
338
705
692
640
600
503
292
495
392
737
343
386
250
720
345
420
497
269
457
240
499
470
186
133
635
678
90
60
192
669
773
334
79
381
225
672
340
536
427
405
308
334
683
436
535
464
658
140
470
578
742
199
652
543
505
544
297
758
20
667
87
160
271
174
715
520
58
766
91
373
214
487
422
316
304
295
619
620
111
195
577
136
736
580
803
655
115
526
473
809
372
111
368
327
712
398
0
504
533
321
472
503
646
327
183
599
315
603
71
429
151
130
294
588
205
479
25
74
501
68
756
587
243
840
477
29
672
499
128
577
365
289
190
36
40
69
340
437
658
671
6
296
589
675
799
242
566
265
494
508
743
150
162
536
893
269
498
6
297
415
388
578
489
442
561
329
609
760
261
899
177
204
582
874
780
545
146
903
750
592
438
63
778
676
735
347
785
391
560
585
613
878
729
681
789
897
780
852
485
434
121
40
607
417
351
384
843
405
147
322
483
903
160
387
155
58
774
245
62
141
97
685
353
154
188
73
736
193
268
488
581
618
907
391
461
89
861
900
871
432
191
178
723
667
372
733
711
624
255
338
223
295
570
431
401
590
115
210
859
404
746
951
516
897
625
300
840
160
544
878
332
336
121
278
705
559
427
359
30
29
1005
950
364
123
187
301
643
152
791
335
922
798
720
850
571
892
793
452
692
969
1022
371
434
308
682
827
889
507
684
1052
147
59
430
965
498
881
522
853
664
231
752
544
59
325
412
656
327
835
585
1053
943
749
708
710
11
570
895
95
646
82
834
553
846
1052
295
1065
443
1049
376
470
903
327
965
898
522
82
344
190
210
1040
247
491
752
65
311
275
975
717
446
427
601
972
628
180
943
352
588
479
82
486
32
754
837
1011
64
37
703
275
151
547
775
404
795
145
643
465
727
225
680
1008
1040
586
1042
818
638
136
270
1044
405
1019
635
476
610
746
665
916
254
965
906
92
890
295
69
687
592
361
920
968
378
911
1158
632
96
315
584
1065
157
189
160
12
645
691
425
1131
52
471
237
257
1063
543
541
481
371
375
728
487
179
161
889
669
986
262
767
231
72
1098
649
216
170
926
825
818
625
1034
225
604
255
373
41
612
1209
777
1061
22
249
1031
866
348
15
788
1052
127
975
653
312
452
191
1186
522
805
781
782
199
886
104
1211
1034
295
989
182
646
1236
854
412
543
54
993
1030
789
234
1191
1219
197
828
462
1223
690
1205
1234
720
690
395
1060
511
807
739
869
1139
255
389
1263
750
446
1128
708
563
719
800
513
287
452
340
1288
1201
1046
1104
1114
546
227
1241
399
329
94
615
48
114
826
778
1207
636
138
62
692
895
760
836
844
1314
652
963
993
755
586
529
550
730
301
357
1311
612
451
127
561
871
1267
596
377
686
299
1180
765
299
157
262
357
614
272
1285
543
1172
723
1269
607
1355
245
1331
859
661
1331
820
803
891
929
48
856
1032
636
1285
1342
708
921
136
645
21
108
346
1139
648
742
197
589
1336
575
858
250
1272
155
291
1387
28
901
552
428
437
858
989
357
419
393
274
715
973
1338
366
114
1211
1201
658
979
500
333
174
334
688
1096
183
1380
1246
843
1385
711
648
1076
56
615
1142
1075
911
876
695
1067
1053
76
426
1401
123
110
562
1124
1235
1437
1323
45
1258
645
365
1292
1347
923
541
575
969
178
134
1284
97
957
887
190
1002
993
548
732
1144
168
882
1222
718
84
1445
1440
1393
1099
888
560
1422
1418
29
374
707
633
350
1238
899
873
249
1411
1260
800
686
381
1322
1076
765
1300
183
1271
153
1438
47
884
977
737
1117
206
715
1087
334
1373
809
961
673
278
303
1368
1497
1263
1207
110
131
132
817
212
961
911
378
852
363
681
1020
1354
1476
181
193
1305
663
162
69
128
1318
1272
1212
1358
1444
175
983
1377
1121
1010
1449
569
137
669
741
1375
383
442
801
573
1022
1340
1203
580
838
174
1386
328
1436
150
246
1401
1289
693
1
633
9
712
79
1429
970
188
1230
666
611
643
1507
243
2
572
89
492
1436
21
739
959
1064
1418
699
731
1257
541
168
103
650
1248
520
1048
965
1358
143
835
627
1468
946
738
1024
1064
503
1067
65
414
74
992
601
1065
714
1212
501
706
55
791
208
909
1171
558
78
129
1121
861
759
331
1087
48
423
229
67
1032
1620
1524
906
528
512
192
632
80
864
838
712
141
643
970
465
196
468
782
116
1167
710
1189
973
477
1415
218
502
1098
570
340
936
329
941
697
988
632
813
567
849
1525
307
1050
1617
931
860
578
1047
629
544
41
1182
280
1684
221
794
596
131
949
450
623
97
1452
602
288
940
1336
421
396
891
1525
1127
1336
604
1288
1385
674
1091
1112
1157
1554
129
1446
1191
1725
130
1459
1684
1323
906
1492
536
1170
354
1525
188
293
1117
201
56
286
555
392
1452
181
50
1545
1038
563
915
1295
1697
5
243
405
590
1358
645
381
159
1162
1340
1118
1066
716
29
480
616
1228
1627
1159
998
1500
1126
54
1009
1753
1531
1786
578
1673
388
710
366
13
1742
524
1458
1690
449
232
887
119
1740
324
693
572
1148
269
127
1076
1015
1452
985
565
916
756
351
401
1122
981
393
1530
780
1699
626
1126
249
1550
1459
658
1173
868
1631
33
452
1364
1027
673
1712
1501
1634
1597
930
849
1680
1197
1070
14
599
833
693
306
474
563
1198
181
948
184
1627
571
687
338
350
1394
568
1431
1561
954
386
1056
24
115
452
1531
1172
1708
1424
725
1699
108
1467
445
1093
240
320
206
145
635
139
1588
1057
1868
1428
1673
1185
665
1748
1562
1447
1407
495
712
1417
1874
1222
1396
478
875
1886
609
486
35
1143
1562
1221
1183
1867
1498
353
1678
505
1766
1714
1371
1672
761
636
125
1156
37
1005
142
743
685
90
1149
435
1824
893
844
1293
1520
77
105
979
1662
86
1731
480
1692
1264
1870
985
57
1755
1917
1416
764
938
828
1269
1930
477
281
528
899
1720
1528
1330
519
1749
551
506
407
813
1700
1390
1750
905
79
1391
1922
1358
1176
830
1676
1478
738
491
766
320
1783
880
567
891
1396
1982
1747
1151
1045
1742
1875
1515
146
632
1633
177
1750
955
1177
350
45
17
764
931
1589
1287
1007
289
1796
199
143
1485
136
1920
527
2002
1657
436
387
654
812
878
644
737
1267
362
1367
1564
153
1479
1078
719
1230
747
1100
326
1277
233
337
1147
557
1409
1685
1055
757
120
2042
1286
1301
1147
1618
517
779
1349
1928
1147
1107
1780
927
1710
747
1881
440
1723
1644
1789
1244
1349
3
1100
1599
1230
2
1081
316
125
389
633
210
1334
1223
2010
1704
165
1708
806
2039
490
1873
1346
1763
1913
1971
600
1499
1175
908
1292
974
805
49
731
1588
851
1854
1279
363
393
1992
1840
1575
1252
1246
905
1431
1669
1888
619
1127
1038
1684
1773
441
481
1311
950
1819
1959
1187
202
2014
1777
975
1865
1247
448
1324
1777
897
486
2127
1132
1896
1687
1242
151
1656
2155
1614
880
567
257
1057
1873
1496
1559
1915
2148
1998
1750
2065
1742
1338
973
2106
81
1679
769
1783
1318
704
1714
1568
91
430
155
213
1051
348
1390
318
920
1063
1935
147
1332
1392
1185
1524
677
276
251
2067
722
588
1535
1672
2118
80
496
1270
927
1189
1109
54
1557
2053
492
1672
771
1368
1038
1818
654
45
1991
2220
626
1909
1114
731
562
1415
125
0
2060
80
2038
838
437
1379
2027
714
1557
770
580
1114
863
480
869
1747
12
1559
190
270
843
707
649
616
275
721
2221
1285
1160
333
184
1734
512
2113
967
1498
1521
1680
24
674
924
1906
432
1513
65
691
2005
1681
168
513
916
1199
1849
243
6
1666
1415
288
1895
2057
2051
1160
2142
1586
260
1657
2111
2178
1029
598
702
2204
673
1996
1558
908
1329
2051
2128
652
1444
790
1490
1901
2041
659
526
27
1315
261
1795
1714
1671
819
1718
2252
682
1668
1686
276
1272
2011
1720
872
2256
792
1698
913
2308
114
1359
1488
430
1315
1887
1655
1044
2311
461
1637
1090
452
1920
2
592
1331
842
1081
1368
1677
1334
2330
1071
1589
71
923
1465
2338
1218
1777
1296
2039
1359
1624
2000
1826
118
351
1311
1248
526
2300
2024
328
2348
1304
42
2127
859
1223
1709
1448
498
247
1689
1703
301
1314
1314
1521
2010
1895
1572
1881
133
1877
1250
874
1268
2310
351
1636
2233
134
1298
2283
2313
2028
1691
731
1750
1016
1064
1965
469
1062
1096
193
2092
1499
96
2242
1105
1634
376
456
1403
2371
1520
14
1396
1482
1272
537
1221
473
2395
75
281
802
538
2405
1453
2163
2144
562
2314
1975
529
135
2119
888
661
336
274
640
2429
1326
896
2455
1327
545
511
2211
2181
130
207
377
205
973
1240
882
2029
1778
1097
2205
856
1525
1387
167
1866
946
1992
498
1542
916
1940
547
1790
1180
1765
21
2370
2089
1610
1393
649
1536
1050
2465
300
24
1624
1308
657
81
668
1943
175
840
2504
2465
1178
1276
246
795
2151
932
2514
583
1388
2170
1461
662
1775
1977
523
1853
1458
809
1626
1503
1881
1676
1150
1617
2025
28
944
1323
1574
2506
1345
2230
2215
56
200
1303
1521
1999
1069
1547
278
947
1979
2457
341
269
616
801
2374
945
1708
2252
1913
2258
2325
2532
1098
125
1105
534
1196
1162
837
2391
476
1562
81
293
1460
2067
2561
1692
933
1044
575
1818
114
2434
1582
1304
539
1487
1626
1564
124
941
1826
1497
2196
552
1009
545
1612
463
1363
1552
1988
8
1790
2121
772
491
719
1850
2282
1996
569
1507
2416
221
2094
1017
2439
1579
284
2508
2192
386
938
816
345
794
45
419
1323
380
1559
103
280
1473
1163
1543
1458
387
1246
1889
2082
501
877
1744
1628
195
616
1291
2088
2465
575
1132
1488
119
1091
2071
2037
203
1635
1556
1337
2593
1526
922
1384
1848
1670
2243
1856
1624
2030
501
2612
1165
1986
2376
1204
1907
743
34
2004
249
2110
1975
1276
203
2308
380
2564
2490
1318
1392
823
378
2437
1437
1126
1291
1722
1189
326
1875
987
1535
1309
2681
1988
2665
1467
2164
336
2685
1193
1916
1416
238
1742
1516
1607
1771
1274
2002
559
37
1745
1757
803
30
1501
636
1566
2337
1485
729
1476
711
1970
850
903
1938
274
1937
1524
596
490
1955
178
875
2500
195
1607
1390
1145
1722
2521
1770
2755
1493
396
1482
1141
652
2272
2436
2441
1867
2663
2187
2750
2142
455
2029
2164
1699
1281
2008
1484
2385
1003
1117
2529
432
2240
1590
1705
2159
275
221
438
931
2013
1563
1239
228
2339
1040
1548
1792
2657
600
345
2144
839
2514
1125
2172
89
511
2303
2022
1239
876
2739
2164
2782
108
2471
2772
309
695
825
809
1737
2434
2718
2236
1926
959
1425
1507
1785
1487
1859
1870
2038
912
2619
2186
892
1121
2583
1554
637
2034
1142
381
1422
2718
1234
308
560
884
2848
317
856
282
1084
2265
413
1767
664
931
2866
394
220
1352
278
2053
1899
1799
1479
1163
1969
2736
2538
306
702
1143
1502
2354
1550
1521
2747
824
1808
1903
2336
1746
1116
864
2053
2598
797
1240
306
1563
1247
1916
2554
2636
13
472
2757
468
795
2137
646
838
141
1769
835
874
2864
283
299
2078
1239
1397
2037
2288
797
1876
2234
303
987
615
652
2872
2259
940
2261
1594
1143
136
293
363
1530
2259
71
214
2647
688
1870
560
2219
909
304
694
2009
948
1984
2707
1443
579
1539
878
191
466
242
1681
745
1959
1087
2240
30
1391
1112
472
79
455
1456
525
812
384
1667
1506
1300
1559
1953
194
1134
2671
2936
328
1164
1478
2154
2683
2961
695
194
1370
2923
1781
2827
889
2346
2540
588
354
1255
2615
651
1804
480
1110
1216
380
494
641
2374
2813
444
368
2362
2313
312
2186
2732
1463
1869
422
1555
2367
2675
1743
1631
1290
51
1228
1456
1717
1681
2608
2269
8
59
907
753
482
2939
219
710
191
1177
1648
887
2292
1099
869
1194
2536
712
1114
570
1186
1037
941
15
1
830
254
2935
1050
2727
2016
2822
877
105
10
453
1749
1405
401
2854
2193
2761
545
1302
491
1060
643
367
1450
2351
434
541
423
1081
1211
1102
886
290
1420
1900
2225
1657
591
2159
254
897
1325
1823
1070
1717
496
1452
645
3009
673
19
1728
812
2001
1313
2068
2444
1671
1567
2018
2654
1142
242
634
1494
1967
809
1385
596
572
2057
1875
499
2385
534
3081
2409
2948
903
1781
732
1626
1252
1313
313
1308
210
1930
1812
2295
3134
2375
2388
1295
415
425
2586
2471
2354
749
2570
31
337
127
2220
793
1750
2772
46
177
2683
825
1861
2044
1279
1521
344
454
2260
896
451
3048
2335
866
2438
1177
2962
2964
2165
20
1911
1463
1289
783
1363
3219
385
2253
2331
1365
2542
2303
1844
1993
702
1408
1381
239
1623
2262
1265
1788
490
2019
1013
1501
2111
1769
2194
2905
2451
56
1163
814
2394
212
2683
1532
2461
2497
1582
125
262
1123
2035
1177
2620
1914
2848
1056
1238
2282
730
490
279
463
514
1947
1229
2653
3092
1376
2303
760
16
3135
2718
1978
3199
1049
136
2875
3282
2081
634
55
862
2748
1750
319
235
818
837
1862
2625
1427
783
2120
132
471
2970
1265
2320
747
746
1941
2429
3187
1545
1348
1864
1888
2938
1839
2925
2190
666
2413
985
1173
1626
2875
2007
3284
2133
1055
2829
2992
1790
654
963
2236
4
2035
2869
1302
1187
1828
2294
884
1657
1572
487
2500
157
2763
236
1973
1212
1848
655
1028
1783
402
3047
1795
1992
1184
3015
1628
2442
669
564
1990
2671
1801
99
2726
265
2878
2547
1125
2756
1448
1891
2676
1079
160
1246
1549
1575
803
2168
1995
1302
2109
599
528
3289
849
3166
2362
3340
1313
546
338
2386
850
414
2408
332
536
3071
1264
2998
642
2461
249
1880
544
1636
877
1897
1336
2808
2956
2897
200
1945
1268
1373
1612
1601
3331
1859
865
69
1869
2135
1161
1797
2457
2629
1299
2967
362
2500
1469
1594
3109
1400
673
62
2954
1895
2236
2589
814
471
1306
2123
1977
2417
3368
1181
1162
2991
1311
1011
3260
3094
118
3166
2384
1327
2987
3418
2741
917
3230
3351
2864
1744
3007
1630
1983
3273
1707
1671
46
241
2352
2596
663
2749
1556
3085
2195
1781
1779
603
438
1370
2155
954
993
2785
1376
2013
1400
2856
3112
2624
3262
3444
1632
1840
3317
2206
3124
71
33
3447
3495
973
2450
2640
1527
3292
2165
1789
2314
3023
2446
2464
1399
3241
3266
1507
2477
3048
945
2285
89
2578
2092
50
1176
2114
256
2394
3472
743
949
1895
2250
912
1971
168
1086
1744
887
2998
2967
3502
1703
709
519
775
12
1951
3092
2621
270
3335
3566
295
239
2461
508
3479
1230
1800
3430
847
1534
581
1023
968
499
3410
289
260
1124
1630
2085
3498
1226
3549
2808
2299
3362
452
260
23
1082
447
1381
1110
3110
337
2689
642
598
1723
671
717
2855
3412
2515
929
936
344
2919
1312
2787
2077
189
627
1751
3009
591
953
194
2111
2238
608
2560
2419
2099
1638
61
2851
1515
1674
2962
2694
2081
3201
3204
470
1456
2786
1858
117
430
2250
1059
950
319
2376
954
2820
2653
1968
524
1061
1471
971
170
2603
3417
1130
2785
654
451
1053
622
2582
1526
1667
159
1258
2792
1304
3093
3409
3521
1669
2657
2236
3128
1858
3224
2014
2395
1371
263
829
904
2908
672
3384
123
3304
3094
2064
323
622
658
2872
3673
3019
577
3366
533
763
3130
3378
1119
2930
2843
3669
1112
3639
1497
606
1145
2247
2205
1569
910
150
716
2583
442
929
2832
2887
3207
924
2851
3676
1847
761
2399
614
1452
3509
3432
2219
808
1933
1650
2379
2018
2706
3723
1257
2553
1076
2605
3054
2284
3748
1554
923
378
651
3669
407
1864
2790
2137
2896
867
1899
2121
380
540
61
153
3053
1776
2995
278
168
2839
1524
3582
384
2339
3282
637
258
2777
3482
3333
69
1463
1091
3698
3199
1221
486
2103
2779
2390
3762
1811
2117
514
2587
1266
2308
2178
2484
370
3116
1370
1947
2199
372
3339
1985
1557
512
274
3250
706
3
2976
465
1558
2673
1871
1880
1528
479
3758
1739
1105
1137
263
3315
1081
3559
2403
269
344
2797
1189
2890
1338
2803
3078
1786
1588
989
2177
1329
1407
3792
3569
2461
1859
941
1414
950
3701
1152
920
1766
1201
879
2363
2265
3548
3492
16
79
2803
641
1288
295
3014
1675
2389
3314
3563
3631
3578
1550
1008
1768
2590
1614
130
3455
454
1350
1989
2952
1771
1007
3340
3058
3772
578
2920
413
155
1586
1973
2763
2534
2030
921
2001
2497
2268
1694
3697
942
1890
2823
2557
2138
2888
3253
73
19
3826
3776
2399
321
1314
2784
3709
3550
1461
37
2365
3486
3093
1806
2806
2662
1424
1024
3154
2643
3547
2240
123
703
446
1384
3789
2772
3633
2848
1300
2809
2326
596
805
1923
2929
1618
2640
3885
3769
3136
3683
1947
1623
2398
3091
1591
599
1073
869
228
1629
1696
3589
981
2058
1142
751
3202
278
722
2486
731
440
3524
1997
1317
2327
1171
1267
2939
2754
1293
1822
453
3319
3051
2199
814
758
2677
2020
2602
1790
3371
109
2087
3988
2484
3551
1544
3973
1298
3815
282
2455
2800
2082
1404
1416
1363
912
900
3196
3850
1076
1841
2743
3698
368
1581
1481
452
3453
2734
3658
3052
1922
2347
526
3472
1214
3963
2046
1204
4047
292
3950
111
1228
467
1970
616
731
3048
955
2951
1596
3082
3411
1956
4017
3363
3914
878
617
3116
1673
3667
1508
1926
1773
3154
770
3654
1838
1202
2123
1729
352
1150
739
2997
2840
2081
3291
2500
3082
86
2617
3261
805
1098
320
3640
234
3838
3139
1626
1126
3254
1985
2345
1685
1481
1166
177
2656
664
2480
3046
1945
499
1163
1080
3678
3782
1738
2184
1200
3500
2122
1204
1484
2897
297
1551
1739
96
1969
3687
2772
1310
3708
3017
364
714
3953
3220
1263
118
113
94
11
2233
2696
3525
129
3627
1884
3994
1534
3145
757
2019
896
2278
3472
780
1987
3796
2400
668
3921
2211
3517
3031
2665
3266
4112
2037
1535
414
3701
2147
4084
1040
2020
662
4137
607
3461
2723
71
495
2889
1565
3729
563
678
3928
2789
3432
415
964
2837
3308
2772
1540
2736
51
3800
927
1016
329
1993
3149
3750
815
3795
4128
3120
276
3561
403
440
1266
418
3620
1936
4020
1373
4053
2321
1165
3552
4022
2691
1178
3031
3119
3727
157
699
2765
2177
1062
2294
698
149
1099
1387
1489
2507
61
666
2675
2488
1111
1079
2118
1981
1748
1206
475
2933
1252
2257
2521
1591
2594
386
256
375
2818
1191
2523
2687
2869
3934
1146
3529
1257
3777
94
247
824
1894
1867
2396
35
538
2036
151
4212
3386
3000
3363
4207
4169
3150
3127
3750
1054
3750
3639
2432
3106
3260
271
2026
1052
1152
2301
2535
3718
1220
3633
2035
891
615
2878
2467
3592
2952
2133
1795
652
1977
3203
259
1169
2187
78
1686
2513
3393
3473
1062
854
152
3857
667
2441
504
1221
510
3592
970
3763
3977
1
2976
3016
1753
2773
2919
3321
4275
2550
4162
249
2122
632
1757
389
245
364
755
2042
2845
3026
4179
2377
2643
1923
830
3015
3339
1536
4091
2152
2854
3869
2295
1834
2826
1448
1262
1546
3499
2514
3530
3608
2501
1063
3853
2548
2533
1147
2059
276
1955
3759
1729
4125
1453
1047
3125
3318
2718
2071
3874
3812
2430
510
1858
2742
2286
3189
2397
3049
3260
2165
1442
1949
1232
3482
136
2299
2654
1928
1600
2105
4260
2600
1205
1515
3271
2706
2225
2341
848
4114
23
2779
3404
3551
609
3681
3638
4032
4043
1122
4000
3512
1544
1172
3998
3212
1450
3822
1420
2194
2637
2901
1668
4219
4401
3458
429
4435
2576
4038
172
4424
2404
3920
1785
3679
4325
179
3933
2265
3469
4190
1869
2113
3547
4395
1904
1315
1283
2726
3501
791
424
1360
1936
283
2529
1648
796
1030
767
1648
4137
1179
3791
1028
2588
2639
1452
2410
93
3238
2904
4290
1469
3481
814
3140
2722
1841
1759
640
3628
1069
3348
2907
4245
3682
2540
720
3982
4491
3710
847
3067
504
4463
1509
3677
2625
4292
4161
719
4162
2456
1918
3956
4261
1120
4540
2802
3456
3228
1048
855
1407
1830
153
1778
2063
1226
1616
3102
2522
4523
2143
146
2061
2375
2568
4537
4018
11
537
1568
1225
2541
3579
1175
471
1670
1297
1818
4163
3755
4461
3351
61
3246
1647
1131
1194
4494
201
2260
854
2251
3084
3180
4159
2884
3396
1495
3937
69
4447
2788
3188
1498
2800
390
252
1726
2000
198
1940
3047
3244
3447
4347
1213
1094
4551
3719
1419
1978
324
4398
3092
4313
4150
3748
2390
3048
1711
4149
1950
3725
1655
1538
4146
3141
663
1213
1646
1622
4396
245
4106
1077
2401
1555
1485
3592
1130
1502
2016
902
676
2195
680
2987
2754
2170
4449
465
4486
2487
555
846
3347
229
4378
248
2524
216
2921
3589
621
219
697
1154
3679
895
2712
4276
3878
2687
3644
193
3365
2241
1033
2563
184
1194
1026
1424
1931
4690
3501
2849
2028
2855
2845
3731
3014
4461
3775
3888
1679
378
4102
3363
1408
3025
1856
3772
2501
3407
918
382
4566
2070
4634
3620
2322
1355
3746
851
3571
4339
1877
2927
2788
146
626
1709
4085
4500
4675
3655
1716
3991
4201
459
537
880
739
117
3280
148
2770
982
1507
1788
3455
4025
13
3192
910
3616
4749
2819
3673
3702
2279
2602
3532
2358
2130
610
1166
617
4134
4067
3692
1611
1062
670
1934
3099
3684
384
3460
3597
1247
2924
2293
305
1529
4783
3718
1405
882
4413
3534
715
2942
2812
626
1196
2715
2297
3907
983
2546
1834
3682
1264
1605
1707
635
1297
626
1490
1728
1897
4571
4355
940
2697
2205
2703
3808
4589
1742
2583
153
305
3093
400
155
4699
570
1921
3127
3076
1369
4818
3939
4654
3470
2290
4683
3252
1780
4103
3688
2936
1677
3184
957
4584
3347
3062
4172
2091
4234
2618
81
897
3571
1536
1489
2041
1146
3798
3660
955
1318
4710
4424
4412
4663
1991
2308
1428
2420
2741
2980
2450
2441
1961
4569
2905
3170
1704
553
1876
579
2001
3925
1451
3367
4245
3549
1083
1331
836
1479
4555
4555
2420
99
4550
4400
1077
1141
1518
4798
3062
3856
2290
637
3006
4007
127
3233
2414
4717
275
2177
4405
3654
2112
3000
3341
838
2480
562
2717
1290
2741
1773
1350
4323
3171
1867
3103
4800
852
4736
1321
536
3361
1112
4791
2547
4313
86
652
3600
2862
1961
4211
2988
1947
272
3781
1013
896
3470
3656
3860
2455
1443
3311
2108
4290
2137
3056
2747
1305
768
1597
512
2295
4081
4298
1615
1924
3422
2430
1801
2580
1218
705
635
514
3189
3249
1335
4978
476
3833
1061
464
3174
255
2567
2770
2439
4818
334
3112
4034
4017
2051
1332
1209
669
247
3685
4919
1087
247
3589
2744
4797
2241
4611
1304
3186
4222
3768
802
4939
3108
1048
4049
1796
4014
2733
2594
2071
811
3095
986
3426
1462
4547
4791
3352
1292
2659
3266
183
335
3962
2113
3301
5022
1781
1971
2328
41
805
345
1877
3387
4465
4773
2420
4354
644
852
2495
1142
126
2925
2567
1402
4358
4328
1164
4803
967
960
2268
300
1514
2104
2904
1599
3751
1998
2029
1832
2498
127
616
1868
3769
1302
4077
178
984
598
4340
930
45
2846
3268
1341
3926
2437
1744
4615
892
2793
914
3995
3629
1976
3612
4097
566
832
1633
987
2524
2460
379
450
110
3978
1293
3563
3179
1379
3940
2655
381
304
2442
748
1674
4657
1572
2810
748
4624
84
3330
185
424
2019
1448
2666
1644
4791
4991
1069
3398
4955
3721
2083
5012
1382
4507
331
1680
1398
1948
3060
1855
2211
2404
4683
4711
2378
2967
2767
642
2457
4093
2904
1355
3753
1290
1705
5131
2967
759
4832
3632
4809
4357
1015
470
4159
3782
4133
3887
3703
2543
2227
3962
4912
4516
4141
2614
565
4059
4289
3316
4401
1385
844
747
679
2566
4066
4726
405
635
3358
3315
430
824
3543
1148
2024
2966
1839
4767
4149
3413
2853
2972
584
486
3398
3350
2423
1051
194
3193
3215
2037
2592
2080
662
1114
1776
313
517
2828
3979
4012
1628
3523
1318
4714
230
2165
3934
311
1713
204
2845
4116
550
3039
4041
3500
1941
1896
1521
4499
4042
3866
1001
3725
4761
379
1785
2691
1939
4636
2754
2061
1732
1205
4340
520
576
5255
1739
2143
5097
2918
3097
3340
4113
4999
3813
5031
1186
3355
3750
4061
4384
1035
29
3259
4140
401
4316
2441
168
2838
1948
2371
4968
628
5039
3916
1777
4866
1046
4891
4388
2963
3830
2248
787
1717
2859
2130
4604
2574
3685
37
2512
220
574
2748
1765
2885
2190
480
1965
112
4810
1298
2773
2050
3632
814
1349
183
4744
260
1130
3688
4889
2507
1458
584
1796
3794
1144
4629
4783
2337
1859
2563
2787
3078
4794
5120
4596
2292
1253
4124
850
1145
1912
4933
3404
4246
3524
1947
4752
3978
3755
1078
349
1566
5083
604
2371
1178
2627
5030
1037
3223
2001
4696
4617
21
2969
273
2938
4118
4248
4522
1883
4179
4938
1850
3592
3215
4900
4863
1794
4398
406
3184
255
1917
317
1379
825
2282
3313
3801
4911
858
1520
2380
5046
3835
2155
2004
4644
137
4510
986
109
575
5072
4296
2104
4642
166
88
5315
3412
2925
4298
1332
3885
2181
3283
4956
270
2925
2022
2760
3390
2661
4439
435
1316
2807
362
3757
4973
1505
5280
1716
4414
2381
5411
438
3119
3184
283
2298
3857
4193
5007
5341
3863
5253
2979
1553
2507
4394
1349
3990
4940
1583
3665
41
2703
492
1322
65
1012
5122
975
2293
3384
1262
4382
4570
5411
2339
4271
1360
2629
2527
4711
385
4697
621
3536
3545
2084
2461
5293
1325
3155
4384
3936
4702
561
790
4137
1860
4822
3372
4005
2086
3842
5521
2684
4249
2128
1658
2676
86
806
1393
829
2817
3798
2269
3455
1962
2562
773
0
3481
4288
4070
1214
4237
4271
1707
3173
239
4379
5163
3845
1057
1066
4186
1087
3976
2831
357
1577
1020
2981
907
2394
606
4413
1824
2130
5250
4996
2739
310
3527
1396
5402
5578
4142
2388
561
2735
38
2098
62
5236
2187
948
1121
1251
2190
1845
4358
3728
2260
1193
77
3454
5269
5011
4903
3948
3604
371
4182
2860
45
99
4653
3865
5288
3589
4087
3777
3660
4050
5574
688
999
3885
5192
402
139
1243
3602
5167
4192
1519
2000
196
1144
1001
5121
2848
2573
2158
2941
229
2013
3868
805
696
452
1655
2369
3046
5314
5516
535
2322
921
2178
630
904
1698
2662
4694
2449
859
341
4283
2231
4870
1599
808
763
1875
1159
1804
2847
3859
1376
3971
5550
4023
4896
3995
3046
1090
3660
4935
1229
763
2599
3239
5133
4534
398
1972
1716
3391
4798
3117
4520
4416
5638
3420
39
1486
5586
3127
748
3682
3732
1319
5179
601
761
1420
463
4520
5480
263
3152
2110
5049
4914
5270
3206
795
3030
2920
1726
1326
4753
4496
85
3797
479
1087
357
794
3193
4671
4957
4474
2653
4853
3180
2990
2069
3041
4336
5654
818
5507
2032
4717
1431
5334
2764
126
244
3642
2487
5573
3872
3320
2538
4820
4861
87
599
1456
2095
2503
2337
2027
378
959
4366
4567
4899
1274
1456
4006
5223
4367
4653
5285
5685
4333
1596
3890
3579
5278
5207
3800
4885
5141
5249
1572
2155
2912
2005
5591
417
3536
1887
5071
2541
2939
2843
1579
1543
1146
3185
4584
1733
4208
1168
4176
3800
3594
392
526
3976
2661
5663
2568
5511
5620
3289
3035
1022
211
4309
1413
1084
3597
4214
922
5714
1355
815
4004
1940
4963
1423
2441
3955
12
2655
2783
2940
2350
1740
2486
5168
925
4029
3788
1620
2049
4995
5465
438
669
581
5082
2050
3195
2305
1989
3171
9
242
4431
4688
1727
4389
1292
4036
3173
4827
4968
4943
5254
2272
2979
171
3581
3869
3647
1413
3033
594
2941
1151
2758
5395
3713
1495
3125
5706
500
4149
4007
258
3075
283
2567
2342
1648
3724
3358
1276
373
3078
3248
3962
3784
2695
5913
2016
3728
3520
3724
661
2844
3278
3743
1921
3076
5501
4030
1282
5776
5756
1713
925
4165
1449
2201
4844
5139
4253
359
5258
1092
150
1961
1209
5714
4890
279
24
3186
1079
5866
2856
5197
2925
5095
5758
4674
2244
3288
4667
1516
5693
5078
3599
5659
2885
5181
531
5539
1504
2927
3465
1068
3103
3584
5798
251
1915
1175
3620
3264
5603
4972
5958
2804
371
5484
3325
1896
1392
3334
1017
3034
1288
5922
2325
2379
256
5622
1273
3141
5878
2692
4795
3651
3135
72
5593
4153
1999
681
1040
3735
4888
107
6010
5020
1793
3163
3723
2957
977
5183
4727
5969
366
4262
438
1636
1070
3642
4158
3320
2803
3255
2553
5925
5322
738
2689
5712
805
703
4143
5981
4162
5685
1511
1100
1604
795
2870
5708
1218
3686
5338
4590
4935
2050
2391
2548
5858
4310
5202
441
630
3850
4099
385
3055
2151
3679
2102
2940
4616
6063
1778
4125
5201
5125
3921
5144
4464
1429
5072
2846
4984
1846
3817
416
2195
4315
3647
5226
3034
4483
3937
3353
139
602
3631
806
1752
1091
4803
5924
4909
4299
1726
3886
4550
5559
3159
339
4249
5506
5337
3099
3325
4362
547
5190
1808
6038
1983
2580
6030
4433
605
5463
4124
1150
743
1300
5068
5076
902
1542
3878
3789
1159
4728
5291
4785
2501
4966
318
5744
4249
805
694
2694
5482
5040
1086
904
3795
4299
1200
1717
3442
640
988
955
6069
842
820
1134
607
4179
3451
5104
3624
2442
4460
1894
3344
21
3282
2617
3475
2152
2677
2661
3542
5960
1648
1216
2360
1467
122
2545
6064
873
445
368
4117
4708
1959
3949
5662
3526
1133
4838
5264
2701
1834
4667
533
96
3516
1230
3142
2688
4694
139
991
3275
2631
3373
5286
1754
4237
5199
4112
736
3187
3042
185
2888
520
560
5346
1708
3187
2555
4098
2690
4934
3663
3006
2292
3907
3757
6189
3605
2915
4678
1754
1829
2681
3980
2406
1582
4153
2205
2623
891
817
2263
69
1876
1238
4449
4946
3342
2410
5458
1509
5035
648
140
2912
4306
2601
1261
258
4497
335
3978
5079
5482
1520
2199
4655
2617
260
3402
3484
3548
3241
4877
3411
4298
4675
5394
3889
282
3831
2052
6247
6045
3544
5987
1796
2291
5245
3614
3110
449
1812
556
4400
6323
5010
3449
4075
2283
254
5889
1124
6206
198
68
610
5522
2434
2374
3100
5543
5287
4669
3517
6323
4458
4489
3344
2743
5277
2893
5878
169
4998
3233
1288
2594
2556
658
1366
2433
1219
3950
1001
4355
3549
3044
5111
917
3472
756
4255
3735
7
997
2900
1107
4810
6023
584
85
3173
1157
1428
1530
4096
2808
3528
2462
2330
3854
3751
2338
3598
2973
3053
1274
5802
1047
1244
5344
6247
1029
5265
2031
4739
395
4645
1820
6105
5949
3328
3543
2106
1256
6323
4583
885
5899
659
222
3750
3626
3094
3724
6061
5292
4390
2108
706
1428
3424
3883
3181
2431
1898
833
2341
3813
2468
5252
6369
927
2879
695
2058
6025
2258
3247
5041
5657
612
6334
4055
513
4134
6227
3379
10
2707
1215
4008
2946
3796
2971
274
2131
6102
5444
2785
2750
4000
2654
6103
4468
5635
5793
5008
3225
1674
1253
1109
2955
2631
3942
4932
3192
1499
149
3790
3653
1577
2835
3355
5832
400
940
3859
4596
4127
490
4950
1719
1857
3699
3812
1758
323
5921
2676
4791
3846
2532
3823
4464
4363
742
1469
635
2217
2689
4012
5702
4174
1169
5877
4760
3818
6490
2774
6073
908
4835
1532
4464
5017
1840
4292
2735
4292
2285
1146
6384
6545
5304
2065
3023
5134
1763
2221
6530
5449
3193
3360
3757
1093
1954
3071
900
5783
1374
656
6097
5918
3748
3050
2134
3595
3675
3258
1131
2080
4990
5219
4859
669
3230
1505
3362
5362
1740
6007
2539
3213
4413
1027
4896
3955
3239
5621
5673
2632
3617
2691
3260
2660
5551
4198
1203
3059
4345
1103
885
3201
3419
153
1134
4042
4697
2042
1783
2757
1414
3088
769
232
5932
989
6543
1971
1937
5684
4826
1183
176
4873
645
3145
41
1469
6135
499
2770
6609
1354
4850
2566
681
5441
625
4954
6502
5238
968
4650
1641
3042
714
1507
3075
4453
1229
829
4265
4810
3270
485
1029
1328
5337
3840
4155
1257
1660
5437
4277
2091
4654
3915
2661
2637
3330
2062
2142
2117
1386
6615
1182
908
5282
2790
2432
4392
362
4024
107
4706
1706
1506
1026
2472
2451
3053
482
2022
1725
6442
673
6386
2378
5717
4992
326
4899
6398
5530
5565
4462
1678
64
4842
3502
1523
5331
5630
2346
4559
1007
5891
5704
2623
5328
4182
2976
1787
2156
1199
1114
1808
4122
1083
962
3970
5845
6529
5000
3844
5933
4959
5732
2564
5309
1555
6232
5225
70
5460
6188
5299
4725
1435
159
3204
4131
3508
3033
5491
6455
1999
3090
1185
6350
3923
1945
4917
2614
4749
3430
1714
1058
109
6503
15
4529
6226
2850
217
6461
529
2795
564
1712
164
6354
5894
200
5502
3470
2361
3597
5235
3237
5755
545
1670
5930
6289
3227
4522
3649
1178
6343
6266
6435
2627
2643
4627
2121
1198
1586
2465
116
4754
3825
4895
2113
3789
3151
5885
598
6176
4199
380
4502
2311
1908
3885
1687
2759
6001
6818
6148
1564
6738
4173
457
5411
2306
2287
1861
1170
6042
388
5040
6558
5421
4073
6227
1464
343
6741
6744
5334
856
5807
5642
6682
3406
3668
5970
1904
4991
89
6634
1949
2764
1985
1414
4556
1953
1387
4826
2559
5603
2845
6318
4047
2748
1989
4367
2878
3352
5008
2750
624
4880
2612
1003
4642
3056
5075
5968
5730
6842
3951
6031
4363
4327
4140
6016
3475
4085
3806
3991
39
4381
677
3937
1535
3743
752
1433
591
2771
1124
5837
5184
4224
5121
1779
4698
2958
79
6770
5588
2679
3440
1364
1516
5299
960
2676
1652
5873
6023
5367
6329
4521
3945
2824
6772
4468
1645
5261
3838
3094
4196
3825
898
4037
3627
4663
1112
4977
4470
3884
1985
318
1584
5947
2798
6345
1211
4202
4563
5550
5802
1849
73
2972
2441
6257
6936
2944
3106
1866
2357
5781
3778
23
2280
6736
1400
3212
5228
3023
6679
5456
5147
3728
6569
5823
5025
4968
52
1286
1362
5732
1666
2960
4925
3738
6746
3067
4658
3508
5216
6611
645
3252
454
6658
4696
3739
488
515
7011
5265
722
233
5790
2774
597
3984
4188
85
5767
6154
5440
4274
777
2932
5175
3707
3999
6835
3965
3109
5991
5062
2171
3128
5213
3012
4106
3372
6751
2988
4983
262
2024
5789
5007
2250
906
849
4315
2757
6158
3460
2534
3715
2100
1575
227
6279
2434
3444
587
4625
2849
6713
4227
1399
1506
5760
5147
7008
5716
792
2493
4112
1440
5242
2818
3895
3206
4366
6924
3667
5409
7089
5915
431
777
5897
1540
458
3625
296
1965
6844
6841
6386
899
6637
3039
6252
5656
4356
2691
5585
73
4096
7116
2753
1282
3930
1505
3098
2707
433
1673
777
6989
626
3687
2223
1555
5627
6024
2008
6670
5058
2775
4991
5640
6706
3875
6621
909
2104
125
712
4150
4036
6629
6060
2574
2338
6845
6564
5318
2777
4145
2140
4457
5181
2030
1582
6961
423
6290
4589
6635
4172
5002
6366
5743
6928
2739
2498
6688
3595
6973
6343
1155
5182
611
1844
1310
1916
3648
5564
3340
488
4520
423
7099
389
1609
4038
354
4460
5144
6604
3566
30
3104
4552
3081
5331
5159
536
2174
1681
2871
3080
6593
4921
4407
5165
3079
3437
2762
4076
6192
510
2548
740
858
6460
2748
3184
5835
1653
2422
1173
3354
5324
2180
5646
1622
3802
1327
936
1487
6889
2757
6304
5278
3349
821
57
6289
21
5186
6760
2064
5186
5465
5295
251
5639
941
4178
2737
1754
681
1543
4636
249
5123
6049
2849
5405
2093
1703
761
3031
2721
6137
4917
2214
2086
4285
2322
6268
2348
3644
6080
2053
575
161
4890
2557
500
7128
3502
5926
5378
5660
2111
5412
4212
6554
7049
7299
3373
5474
6992
2179
3446
4948
3268
1797
6329
3536
2177
5352
660
1962
1244
3900
2509
6597
615
3423
5455
1288
1225
3712
4074
6350
2131
5644
2969
4217
4957
4097
1806
3163
2096
4992
2262
1291
3854
6032
4260
1380
4132
5745
6091
2432
7164
1873
6897
6910
5618
453
1937
3823
5353
6765
4197
1652
143
3399
3920
3528
2786
1014
2430
564
6961
1655
6565
2526
6034
1585
6113
3725
988
32
1857
3334
98
6185
6490
6578
7206
6389
1668
3516
3510
5847
2294
5415
125
6908
3404
1005
2558
884
2600
6025
1523
3522
2571
66
2061
1111
4443
701
5062
3216
199
2998
1995
5698
3256
3418
7338
6597
829
417
4950
2937
1195
5797
176
705
177
7305
4590
7285
5886
2934
6603
1106
6432
1188
4245
685
6495
2817
3840
4353
3377
5938
6294
7353
6707
1517
3581
4353
797
4245
5704
4684
4808
541
6565
3059
6939
4464
7117
6863
749
1375
5433
3379
1029
1493
3795
6460
111
604
1018
3464
3562
2026
1425
4392
3722
5378
4619
2425
531
3497
2323
6586
4911
6180
2106
4814
2768
4799
1200
5877
3029
2489
2617
2199
2246
2392
4578
170
5226
4454
3939
3001
5830
1433
1511
1648
2473
2333
6938
3561
2663
2893
4016
1793
6739
3251
6290
2088
5888
3647
3176
3219
1221
951
2684
3976
6968
4271
4975
5467
6153
2063
5602
4301
1806
1856
2651
600
4263
3417
434
6518
1173
6003
2697
2853
1567
5780
638
345
9
4368
1876
3830
3004
2400
1797
7327
3358
3307
3884
5527
7427
4909
1623
4761
1255
2268
4514
263
6395
2359
2112
4716
4083
7411
5991
6550
4861
3907
2955
7319
5896
4160
2319
3219
1046
1483
5216
6842
839
2153
1445
6572
4223
6512
1609
1637
703
4157
6476
559
4266
7034
3449
5433
859
4657
2980
5624
3610
7413
6452
3321
3944
7455
2726
5177
5742
1678
6838
4187
4514
6705
16
1073
4761
7313
2739
3709
761
5598
3771
2188
5338
6966
1318
1596
6771
6007
3304
7080
1490
2898
5665
4163
5937
1074
6148
2451
3347
1115
5831
2031
6452
7393
7615
2400
3352
3961
5898
3712
1643
6574
1915
109
6635
1321
477
1459
516
6352
1007
508
2033
7068
1836
7536
629
1225
4901
1608
4574
4725
828
4642
7365
7255
3846
202
7489
6489
2065
5496
6326
6268
1857
273
6067
2131
6986
789
3333
5512
1456
3901
6575
4637
6589
7184
1641
4129
5963
4820
5137
5112
1683
2998
5545
4159
5559
3691
7511
6733
6674
3408
519
2016
1745
7348
976
3971
714
5270
590
815
4005
2223
6381
5483
6134
2083
2195
786
2163
3664
4756
6603
3775
1486
2775
7465
879
5513
7538
5939
5417
1374
623
531
3450
523
5629
4571
1067
955
3655
4152
5000
1239
1623
1957
2303
4753
5576
5945
189
2393
7515
1610
325
2672
3614
2646
2874
577
3499
5450
1448
4246
3164
1809
1371
1774
7556
4921
3898
3453
828
7270
7164
5083
1227
4321
2718
1408
1411
4087
5142
1967
7657
7672
5545
2516
6883
6013
948
1058
774
4932
4025
4233
4615
1575
5261
4837
1331
1926
5675
5275
5494
2262
2266
1497
7098
632
5578
7358
3773
4700
4945
5842
4245
5519
2547
6003
4366
5822
380
6002
6714
25
1692
611
6727
172
2512
3310
3917
216
2602
498
4430
2188
404
7091
4581
3014
4661
4014
2061
1749
1445
2933
5385
6681
6571
6442
6229
4939
4656
101
5623
4389
3675
7750
3260
3650
2022
3934
1513
6249
5422
5356
2870
112
2316
2398
7517
7606
7133
5159
4687
6776
2868
7689
2987
7900
2348
5290
3635
3388
974
4714
2157
2824
361
4596
543
493
2023
5618
3628
2027
1814
2940
7194
3559
1036
7268
3359
2216
6244
6427
2105
665
6139
6014
7269
5950
3100
4859
3689
3703
6533
5803
367
3040
4020
3256
1967
1773
2219
4556
6963
2133
1816
5819
5546
2962
4399
2098
3951
2142
7189
1095
7231
2387
37
3119
6643
876
121
414
5421
3157
108
661
1992
3962
5286
206
7353
5771
967
4875
7685
7821
5774
6812
3808
287
81
4550
6451
5447
