0
1
2
1
3
1
4
3
8
5
10
2
11
12
13
3
13
16
11
2
16
16
13
0
13
17
11
15
13
24
30
14
14
10
10
12
29
26
17
12
37
28
28
19
34
30
42
8
31
24
31
7
20
0
0
22
6
8
50
16
51
13
18
17
10
12
50
54
60
35
30
26
43
55
9
57
67
27
73
8
31
75
25
41
51
29
37
73
59
62
2
10
34
57
38
30
42
60
46
30
6
70
97
21
59
59
105
52
9
109
2
53
0
93
10
55
43
9
118
21
23
118
87
114
111
101
85
88
62
97
56
127
31
36
61
119
69
125
97
132
136
126
14
83
133
55
137
87
28
1
21
83
5
112
111
66
153
12
149
154
18
133
14
99
105
14
88
106
138
85
18
156
56
126
3
78
27
31
115
128
163
134
96
98
174
165
119
25
11
129
166
155
16
156
64
193
145
5
166
76
18
125
14
45
49
137
116
124
52
95
38
87
23
68
166
24
86
94
102
105
63
72
134
139
151
114
92
151
91
134
7
58
43
164
75
189
139
206
142
82
68
212
191
95
55
40
58
146
124
23
244
32
170
230
51
186
227
52
243
59
252
155
93
129
102
76
179
248
22
269
57
104
25
119
27
43
59
258
5
146
275
260
39
82
106
50
2
256
61
179
162
115
202
124
134
231
257
293
192
238
112
5
87
262
73
219
27
61
104
216
154
97
164
60
150
284
134
158
156
175
226
88
296
238
32
210
252
118
323
197
109
74
220
266
108
138
141
229
240
153
212
9
336
272
149
88
121
327
237
132
285
294
1
59
226
163
21
294
280
187
192
306
101
29
273
57
38
66
200
358
42
252
254
154
103
64
151
102
54
66
93
21
268
93
115
90
223
274
295
151
220
15
270
8
188
391
33
195
237
38
55
395
154
315
33
332
13
205
356
74
181
112
186
115
63
260
414
249
269
23
314
322
191
117
248
390
256
141
349
293
307
326
375
184
56
420
305
291
219
110
222
56
233
428
285
301
167
48
9
378
217
373
237
443
204
204
444
322
44
217
236
378
133
425
430
82
347
43
304
246
104
277
208
255
211
75
444
230
169
128
122
383
352
10
313
25
456
45
433
322
90
29
372
432
181
140
401
144
148
311
278
321
186
245
460
144
380
433
318
454
217
475
135
293
264
25
448
101
405
121
177
31
100
44
2
311
351
142
49
446
240
79
275
200
129
483
355
123
227
263
508
42
105
68
179
464
405
309
266
457
3
357
503
496
338
477
188
222
15
501
250
390
338
312
151
443
97
149
246
9
305
339
570
505
310
490
226
14
404
401
203
9
425
564
256
249
337
478
45
45
119
296
316
165
592
238
265
194
57
502
91
548
288
459
418
326
361
452
412
74
344
180
562
104
494
304
429
136
30
591
263
325
551
304
259
205
542
412
82
617
385
79
421
406
553
319
294
432
456
128
225
462
331
126
234
266
2
510
455
394
191
44
250
261
575
341
273
228
593
653
392
523
581
635
640
424
532
323
625
220
412
293
176
64
464
127
471
97
259
80
129
37
333
296
143
108
223
31
515
684
273
269
690
296
546
652
397
250
284
479
51
48
519
341
490
331
573
316
293
66
78
189
42
38
487
491
402
615
61
350
67
433
358
382
29
233
128
514
483
387
396
469
588
385
516
373
7
277
505
220
429
415
728
191
705
146
495
207
715
431
626
634
588
89
430
221
601
46
558
660
173
736
758
482
163
483
413
209
578
121
646
37
765
423
495
61
653
248
112
485
185
351
346
256
201
193
478
340
251
334
684
540
209
449
87
624
523
364
282
635
283
221
168
430
2
474
503
554
701
257
810
773
210
605
181
471
644
506
651
190
162
539
399
358
692
516
94
162
116
514
464
493
535
59
311
617
236
99
101
92
628
326
344
686
367
218
465
653
24
697
363
781
131
208
382
855
510
709
742
400
639
259
348
196
864
564
487
694
101
844
106
129
221
207
843
630
734
397
770
840
40
242
201
695
469
364
57
222
386
803
408
99
302
304
651
115
439
610
600
535
203
33
807
554
393
851
213
897
74
823
676
291
308
64
832
570
256
870
259
444
63
30
827
854
405
139
177
627
692
361
408
124
41
623
193
363
627
532
452
516
320
690
63
810
463
355
680
297
208
24
310
769
912
677
934
510
133
313
953
581
232
434
941
61
766
817
124
412
637
435
532
763
504
631
902
609
930
249
174
179
398
270
538
570
180
78
404
190
788
616
89
954
514
592
769
329
310
771
519
176
91
876
585
317
363
552
103
576
985
270
758
849
985
370
13
560
148
237
126
358
1
533
129
199
944
832
765
58
807
275
10
753
44
514
704
868
854
468
283
660
655
655
961
145
182
245
726
266
774
44
1046
388
826
294
730
760
336
14
141
535
967
532
84
537
1000
631
85
18
598
319
122
526
43
575
289
123
888
526
806
853
445
375
168
589
627
289
190
616
814
633
22
353
667
658
295
525
182
354
290
670
30
299
143
107
451
143
27
1020
440
656
132
768
674
218
413
513
927
533
955
99
987
830
144
222
293
1091
573
996
548
2
8
294
273
454
740
668
266
412
1041
1046
127
187
564
2
275
629
523
523
221
1025
208
710
541
1064
109
779
878
514
766
36
436
446
547
488
939
909
351
1003
581
698
181
1063
870
907
285
1125
676
22
523
14
373
388
1136
961
620
486
188
636
838
1098
722
497
244
562
919
400
419
238
1091
412
538
224
83
7
1153
645
1048
305
616
308
292
149
185
32
1052
113
1082
342
0
370
284
445
918
945
865
935
624
115
1002
525
574
1083
1013
1175
644
597
453
551
362
710
135
10
757
1217
418
603
656
1093
733
57
755
609
519
45
651
611
502
1169
196
165
24
1059
627
568
685
730
1223
647
507
1203
532
533
107
927
342
500
167
235
1215
1185
394
665
302
784
1269
812
985
490
734
497
625
1258
1106
69
294
1242
995
293
1258
227
1235
64
877
1098
346
1152
728
690
781
292
843
151
866
873
624
1222
214
1001
656
836
1022
1310
1219
409
1130
689
687
1198
335
1329
1244
1174
190
405
176
211
334
232
495
1021
1322
200
1154
70
224
1242
108
541
1240
1086
414
980
136
1094
491
153
946
649
70
458
1088
860
1023
79
592
880
863
960
994
1096
112
93
262
1158
906
596
1302
753
627
397
1315
799
90
704
1334
941
1098
329
177
777
403
249
1284
665
219
383
1022
868
1045
745
1002
1318
1303
422
654
1062
82
1238
403
931
646
1386
986
93
459
1002
117
1041
1235
174
842
1299
635
547
822
512
515
205
834
1285
761
98
1062
736
153
225
614
348
735
1394
162
828
740
1285
1094
908
1019
731
1357
102
670
389
310
1203
1141
1253
632
574
867
526
805
1078
64
1066
1322
299
839
940
644
972
414
1403
1372
677
155
1064
192
74
31
1308
1288
1064
710
561
1354
1155
268
1136
1351
373
91
1173
1087
29
291
663
1115
1374
277
1169
643
113
366
1469
1439
838
1288
633
1487
904
786
341
1496
581
409
294
314
392
1367
760
1304
824
1435
1363
998
1015
897
1401
1011
59
571
1234
82
63
352
1275
121
1469
1130
1213
662
1182
942
161
965
110
1043
1322
839
978
175
1473
899
519
286
922
79
571
67
508
1302
659
629
1447
119
1142
453
641
1360
1245
1384
1160
1143
498
1512
195
1557
570
1053
394
768
614
233
1153
928
1343
477
1307
1539
602
1448
606
1117
1509
1465
343
821
1098
243
577
1352
836
564
843
827
955
137
544
1076
493
1005
1335
755
615
1268
1493
590
848
403
372
420
849
1142
1027
1319
754
572
66
1385
484
582
1045
1044
957
907
1118
1178
1552
748
1115
423
325
722
1308
1407
240
81
217
225
326
1261
689
294
14
1332
796
1024
677
1051
364
326
1228
1543
1323
335
571
1418
48
683
569
842
57
115
879
415
1200
341
1579
438
214
1220
929
1593
381
895
1278
568
908
398
669
112
1684
1281
662
1653
110
791
420
391
1316
1083
375
931
301
812
1389
1422
967
166
208
349
380
1012
211
730
995
1531
831
590
662
1161
1496
1397
1177
268
678
101
1011
1047
911
271
1095
1000
1198
218
1097
911
205
51
1185
613
408
1307
934
1695
855
1169
1175
1099
1348
6
563
835
1229
103
731
1210
1692
379
915
1126
428
1058
104
1498
647
1026
1013
712
327
1670
958
614
1567
179
969
1387
760
725
359
558
1012
408
130
1449
1236
1558
1177
1228
813
1252
1143
1276
745
806
128
1117
644
1153
811
22
601
1662
10
135
1447
1393
1359
483
332
68
911
584
853
565
788
1183
1622
116
900
189
1658
1699
546
215
1717
661
894
1656
573
284
924
472
1640
533
631
1819
162
1360
494
605
946
829
1156
611
366
1110
74
1827
820
631
1000
1309
303
1434
992
1240
776
503
86
760
1284
874
1528
384
169
86
1253
158
1567
224
172
712
482
154
1751
1659
802
1622
1336
308
1224
1468
80
1541
506
1051
1062
717
1726
1785
1388
387
1021
279
640
535
765
865
1079
1203
1713
726
1386
991
1075
1865
12
1178
936
1239
124
1778
1062
1144
533
1164
1836
1628
697
45
913
1305
531
674
1850
1258
1823
855
714
1794
1146
1425
303
590
904
978
1406
1254
620
1061
356
1224
1096
1071
779
1945
331
792
1778
701
1074
1268
1853
1805
475
22
1444
1576
1818
169
23
1518
1401
627
101
1209
799
1640
1120
1194
924
692
337
467
1575
1871
521
1175
1524
162
1633
1628
1296
145
1675
112
1882
376
1894
1182
1386
940
317
1744
552
1161
1481
379
137
1561
1227
363
1681
131
247
697
323
1002
254
42
1293
1061
807
1037
1763
199
367
1494
1380
844
1693
1583
177
1617
61
1970
1889
1718
889
897
168
159
675
1258
626
1906
1859
1379
1461
927
1886
1170
502
1810
1416
1611
532
1816
1777
1750
1307
1461
1886
1980
759
270
1845
490
1448
399
294
1388
1641
812
967
81
485
108
1048
1152
1346
1223
1811
514
1780
1950
2019
876
476
655
1569
672
1433
1445
1558
1807
2073
1650
1550
1574
935
576
259
388
777
246
1851
926
346
950
1554
356
319
2020
1444
1532
2038
1614
1581
1727
1390
1430
1489
1998
515
665
404
335
1519
531
732
1594
1621
698
1464
839
830
664
868
1032
657
1859
861
1865
409
1365
901
1123
1453
1505
851
1353
2129
2002
172
1151
2012
330
181
1404
682
1429
801
2149
1589
926
1010
118
1461
947
664
1405
1996
1726
599
90
1467
1706
1384
738
1619
1531
439
2021
408
868
1180
1070
1979
938
1520
144
917
1066
111
363
216
1808
310
362
463
1473
1821
1865
1973
559
2189
1992
2020
720
879
1558
742
1822
736
1786
1938
983
1684
1823
611
1145
637
184
1581
1680
161
779
1001
1107
791
915
691
1648
735
1355
1895
330
948
1269
33
2182
2022
1138
417
183
1648
132
1868
63
37
1905
1360
147
822
1505
1389
1756
1726
1761
85
884
463
1933
913
1288
1214
2016
1586
1346
1628
287
965
1314
49
2193
1950
1126
581
927
819
194
720
1904
1152
989
455
526
538
92
382
980
2215
65
2085
1895
496
2016
1224
999
1009
893
934
1603
2262
1582
512
573
1925
1525
1487
733
1891
4
1162
63
1827
1709
229
907
1487
570
1747
1758
319
767
81
1204
1832
1655
1084
1387
850
1299
893
1326
1840
347
1467
1530
681
2133
1647
2234
1467
1950
1241
266
1194
227
494
784
388
1203
2148
882
148
1846
2253
820
13
854
1395
1244
2074
1819
905
18
2010
1876
1571
285
214
1919
2253
1326
1688
144
275
765
540
1508
1502
2129
2099
1155
1161
64
338
1950
426
381
382
1857
1974
848
1131
2168
1233
1892
241
771
815
1126
1595
921
860
798
66
1148
455
930
1302
315
1653
2065
510
1013
1824
2389
170
1225
850
552
793
18
320
588
1758
2060
2391
1936
1109
2236
2311
180
1312
411
312
921
1900
1576
322
2243
2337
141
2376
1705
783
683
626
2022
882
1190
1419
1036
128
1947
1268
1574
1655
576
1005
77
1941
1187
2440
2330
128
831
2190
1927
2447
1355
588
340
1201
1612
597
1259
536
1370
1599
631
644
1619
1677
660
2073
1192
1596
1017
1024
846
892
2348
1689
49
1022
117
1905
2303
1155
160
969
2285
651
2355
261
1951
615
733
2054
2285
387
1434
521
1313
2100
848
2160
1260
1203
2417
1854
2196
2410
1979
1497
2163
2115
1534
626
124
2212
1084
428
1693
1930
1955
2487
1203
560
2255
1637
1811
2022
2243
360
623
1186
84
1454
498
1687
1622
1305
1922
918
501
1982
528
1554
2477
315
2083
652
2017
2433
2428
173
2420
1196
405
1740
473
2557
500
1339
1646
179
418
1683
1154
1256
2145
1682
597
1101
1247
1847
1785
1328
497
2037
1678
1622
414
2463
1617
2571
1131
2245
1847
1731
887
2428
408
257
1742
1485
2347
1671
19
1002
1760
1048
703
1574
2364
2283
2047
1224
928
651
1910
2060
2573
974
223
411
12
1535
1547
1010
1371
2041
956
2078
616
657
1544
1543
1343
2260
157
1113
787
2414
930
532
1190
2182
2366
293
2248
2377
2030
2111
242
2017
2326
1519
852
2163
1833
2470
1410
1776
750
377
66
1945
1192
1726
2506
2651
1207
828
191
2641
1867
2553
2277
169
1507
2376
360
143
744
2092
175
2105
515
363
2489
2236
603
1548
2101
1367
855
246
2248
383
207
1615
1507
485
900
1499
2412
2611
807
881
1863
2512
1813
1331
261
1725
2510
1721
1983
1363
1254
161
1176
1329
282
668
1800
1155
541
769
2273
839
2184
959
1062
2551
1759
1999
2498
1783
1528
549
1216
616
209
844
623
341
296
1089
1099
1712
2526
2234
1621
2550
2438
1771
1211
250
467
2198
664
2261
14
272
972
539
2379
526
2228
194
339
2635
2743
1445
110
94
2660
83
797
648
2219
1229
2608
2246
2613
1354
2309
1674
2624
1124
1741
2718
329
2092
2539
1388
2771
2562
427
377
2080
927
1496
2272
1684
1353
432
2466
1690
509
1971
788
1774
2121
450
2583
2611
1602
1815
213
1963
2725
2736
2770
2402
1722
1200
1006
486
1657
1911
2436
591
1887
929
1577
2397
2209
2634
391
797
1290
1490
371
2165
2427
2404
867
912
2052
2092
1312
972
204
1612
299
1923
87
250
1212
2699
881
1658
2755
1334
1132
916
287
771
2737
1239
2516
1753
350
550
1383
31
690
53
2664
1780
1353
1776
625
2599
276
1501
2548
2331
255
182
2407
1578
2315
1044
165
2297
1691
988
1253
1131
5
1603
1021
2311
414
2347
878
875
2405
1732
1839
2356
78
660
1315
2378
614
2455
199
1378
1027
1795
2488
312
1422
2398
1104
444
2243
2699
2909
2596
1031
1575
2524
699
1447
153
2117
718
817
697
969
2075
2360
2335
1811
442
256
1474
109
716
1162
2657
1953
2944
39
858
2520
1912
873
2508
2475
2298
1693
1060
2702
2960
217
639
2852
724
1473
615
22
1716
2538
333
1306
1782
2334
819
383
2673
2077
1610
2024
2779
831
528
2627
1431
2263
1850
1204
401
1225
427
1327
176
445
1060
1003
2384
1471
705
2523
1447
1903
758
285
96
1185
2777
2114
1171
1022
1467
1139
970
861
1265
1779
2371
1499
269
395
958
1233
174
1356
1287
893
107
1379
2261
967
2407
2882
1356
1701
1670
1901
1568
1940
2586
2976
2621
1657
2368
2511
375
1128
56
2966
1328
107
995
404
1657
373
742
1688
1750
2289
149
2564
262
2843
186
719
32
2727
1433
863
306
903
1855
2405
54
949
1105
2303
2180
134
586
1043
1507
2482
962
2874
1129
113
2800
298
298
2274
942
2594
2462
1377
652
1202
1965
255
2126
2885
2098
350
502
106
1271
1676
2643
2905
1707
2779
1503
2723
763
784
215
1713
234
225
1347
888
1329
2870
1442
304
943
2639
1671
1110
2602
2757
1649
1150
13
3093
462
3120
1973
1690
42
1195
1053
416
430
2624
3100
1803
2929
1157
2627
485
2034
907
1242
340
2155
2627
1574
2410
1541
1695
2887
1496
225
35
15
2820
223
3120
864
2369
2051
17
1327
1379
118
1524
3086
1500
1171
2149
1410
2042
1268
1632
2948
3015
2660
2904
313
2582
3058
2432
3168
472
1123
1122
634
2327
3080
809
1827
351
2685
2053
1631
1887
1447
749
2205
814
1531
180
1118
498
2063
2444
1477
1546
2303
1196
727
453
344
1209
2093
1436
446
2397
1116
694
596
2461
1200
1780
2543
868
1157
544
1969
1700
1131
1480
49
2432
3080
820
1585
764
654
1393
2489
1523
2623
1076
1234
2583
265
2285
3128
1520
2285
3054
2193
2355
3008
2850
2367
579
1952
94
3086
1372
183
1265
380
729
1881
13
3157
2512
1917
2306
3105
2781
3003
1769
1188
2142
909
1022
1727
2909
906
2029
1137
3043
2058
1121
129
2192
3015
2128
2009
3206
1080
2891
38
1525
1257
2474
128
2763
1533
1925
788
2216
280
1172
267
2977
1904
1957
1676
895
2560
2112
2344
3242
463
2243
1235
651
1108
2611
1810
2267
3276
993
2327
3277
3010
2455
181
2362
1152
2451
3170
89
527
1564
1336
372
1775
2142
2343
347
2453
1037
2992
2939
2318
2110
1462
2981
2943
661
2875
640
31
1350
270
2666
412
2270
992
662
2306
1444
2407
2727
1469
8
907
2645
729
2706
2079
1364
675
1559
2652
1209
187
2256
1356
2842
2771
2116
1787
2332
1255
2950
3317
1460
1208
1814
2273
1994
2201
2741
1225
1036
1633
3244
2090
2684
3318
382
1781
1947
2618
478
3230
1061
714
2336
1589
837
3055
1315
2236
653
199
2893
1759
1413
2495
2911
992
255
714
2136
651
1631
412
740
3252
258
18
2535
834
203
3232
390
285
295
1873
2498
2618
1824
2550
534
2202
1852
733
1447
1739
2856
2020
1609
2352
277
2244
3431
2495
2035
2027
2296
1599
3376
2584
2843
902
1039
2795
2736
3162
1620
3189
18
3447
2366
2796
3194
3384
1549
3468
980
3382
1270
510
2250
3394
1922
3013
2503
2685
2221
2405
1488
2341
2078
1041
2845
2918
1276
166
3472
667
2465
1682
1651
2009
3176
1604
677
1909
1014
2736
3161
1740
1523
794
2453
2039
1304
3283
2235
2065
999
185
763
1498
872
1010
33
564
1759
1239
2135
1557
1532
1113
2135
1783
2360
86
2572
2270
1857
196
1637
702
1113
2038
2850
3550
2734
1737
3319
1154
1205
2434
2581
1007
1158
2311
2482
551
1089
3586
1467
25
1669
498
142
3336
599
1278
1205
617
316
1758
553
1974
27
2276
3171
1118
1922
225
3010
3242
3568
2641
1522
2819
1695
2554
2216
1721
967
1830
2532
930
3044
2845
2765
2003
2717
1719
2538
883
755
1895
2268
203
1737
2132
523
3262
3227
151
81
3034
2234
3479
1746
1336
1724
3465
2531
1766
1331
2895
1984
2623
1438
909
1408
1589
1765
1108
2743
1640
3343
1724
1420
2398
257
1086
2118
2308
78
854
2879
2239
3644
1015
646
2510
1915
321
3354
3562
3548
1007
2795
3004
1132
2259
855
47
296
2667
3587
2892
2957
2292
1458
1133
2766
1925
1278
1067
2921
2658
2357
2959
3294
2099
2885
2931
650
1216
3487
347
1580
1096
1202
581
1226
3348
2190
2943
3133
3159
2413
3289
788
1882
2122
1285
1562
646
2977
1995
2300
44
2284
2727
2916
2592
856
451
2689
1363
2141
2858
153
1248
2665
1914
3381
301
1009
1436
335
284
1458
116
635
1587
3612
75
353
1086
2367
3271
1399
2453
2298
2539
1265
393
125
2387
814
2301
967
2490
3742
9
3099
1973
2623
786
3235
1551
2416
3262
3693
887
1330
1821
3746
740
912
2933
1095
933
680
3407
1903
2070
1841
2029
1648
2182
2576
1386
2697
142
3515
1790
3769
1381
3518
107
756
2639
3810
508
852
1736
1258
371
2923
2594
668
1722
557
775
294
3217
3120
1872
738
2991
1799
682
285
2324
527
204
986
1630
3530
767
3225
197
755
3160
3294
2424
2623
1023
1912
2076
1145
91
830
1055
2934
3820
3442
3378
309
2180
2194
1506
1256
80
1056
2952
3263
3852
2323
3806
3043
1474
754
3737
2734
190
3581
1220
1693
3354
1587
3163
3450
2369
3886
1992
1917
132
1906
3541
2042
3604
3203
95
3598
214
1994
480
1004
3704
2016
1917
2972
1460
3353
228
2890
2838
2257
3460
3794
1632
631
3122
2441
1127
2812
2814
3577
2834
1114
2417
1978
3775
147
2683
1436
2389
3321
3876
2014
1392
3288
2433
902
2624
2928
1062
1782
255
3030
2148
248
900
1698
366
2688
2611
1893
1015
69
2393
1733
2111
1305
570
2419
1273
2903
1289
1869
3307
3802
1832
2918
2781
603
2565
2556
87
915
2651
2009
3929
1235
2020
3195
250
2880
2921
838
3673
3779
42
918
1749
2565
1205
3158
2064
1602
2269
1044
2741
743
3000
3134
1620
2121
1798
1940
131
708
372
717
1840
2501
4006
957
2768
3423
536
1590
1329
280
2907
962
873
1683
2057
3411
2304
1292
1036
639
3998
2496
613
1484
2843
2610
2098
4021
1708
3816
3891
3446
3453
2188
3212
744
532
340
3661
1099
241
155
3694
751
2767
2503
3428
1248
3925
1858
616
2726
1059
3816
3848
3255
1465
1841
730
4019
4069
1982
3213
3249
2561
3010
1279
1917
3382
2652
3991
2274
2770
3672
485
2
3792
1745
950
3375
286
3197
3920
84
1932
275
3081
4009
1443
38
3167
1129
1988
1671
2253
329
2902
705
2498
2381
2575
719
2183
1588
2113
1642
3758
3167
775
1656
722
826
916
832
1966
1761
3709
4073
2438
2863
3553
1059
1193
1442
2543
2215
1377
1876
522
3836
1421
3840
932
3954
3509
2439
432
187
1455
1460
2650
933
2816
223
1843
3191
2826
2513
1816
3701
1473
2539
749
2801
1685
199
637
2374
1375
3646
3048
177
654
526
3672
3073
1679
1559
2908
629
649
4054
1623
1227
1852
251
2803
172
3686
2019
2291
404
1402
3716
1924
1096
2579
3121
535
491
2426
517
2511
2330
3740
1440
2717
1329
2153
3862
2320
2114
3784
3598
2418
1145
156
2203
1877
44
3296
2181
3255
2024
4122
1440
2976
388
3444
3137
276
189
94
918
398
3709
2218
133
47
3632
1818
3349
2414
4121
3660
1234
3037
3663
2671
114
4104
3726
3531
2497
3657
2189
2857
4141
2883
2824
2710
3191
683
3319
177
1724
2265
3236
776
1738
925
3346
2369
2456
359
1760
3460
3759
4090
614
33
564
2073
859
1734
2408
3836
2852
4074
627
2759
3733
152
3968
1457
2320
363
2750
402
2579
2719
2667
2085
4273
1985
2951
2163
4295
1263
3285
112
2712
2311
4175
2698
3859
1613
3486
3154
2008
1731
3827
447
2492
2121
4007
2426
1721
3488
1267
2376
986
523
3460
1075
1578
2129
3032
4301
3217
1774
3526
2624
3992
2093
3477
2776
2457
1599
3413
1560
3877
2725
4259
463
3583
3275
2215
3966
2323
1094
2173
3793
2457
2086
1958
4026
199
2247
3607
3030
1629
3690
4038
366
304
2841
1619
3994
1368
215
4360
3833
3184
1334
1347
3336
4365
3642
2372
1503
2049
3019
4327
3600
651
2274
2229
518
1105
4065
3932
3838
3830
2324
3010
2822
2947
3699
3379
119
1702
2017
32
1436
1922
1808
3828
4338
225
1690
3126
3232
2873
1831
2122
82
2431
4190
418
4312
1605
863
1481
2792
3331
3728
48
2337
4309
1926
1776
3396
3867
2988
2829
2736
626
3708
1079
138
640
780
949
3627
2716
3432
2752
1918
2695
1774
3279
722
4429
3276
2570
92
1540
568
3675
3782
2932
3550
3866
2354
3660
878
3436
1556
3832
2791
3764
3469
4036
1125
2494
948
445
1646
546
350
2582
2995
1172
264
3623
3610
3425
1262
3261
1379
4139
610
1611
1645
2076
1758
1844
437
2054
3242
3577
3744
1398
1180
2574
534
3937
3015
1302
1170
1379
2581
825
1991
4254
2425
2212
357
2695
3380
2138
4331
3502
796
3213
465
3583
388
1255
1216
2829
905
3668
1360
1313
3433
4428
1051
2699
773
241
2746
1592
635
887
1979
1235
347
4264
4432
2903
1201
428
2719
2782
2452
4150
3102
292
4454
3255
3131
2619
3150
3242
1894
2697
1506
24
2997
395
2527
3924
2684
4294
549
302
1396
354
3842
4254
632
1163
1628
3921
2597
1875
2226
212
2886
2658
1229
4370
3417
1201
814
513
1459
1188
3290
1861
2620
2602
1746
2338
3534
3045
619
3568
789
4017
2138
3476
4483
2659
2804
371
2246
3087
524
4319
2308
2795
782
2763
922
3572
1670
3679
2575
2319
237
3544
3060
2848
4438
4644
4194
2165
737
488
3472
3676
4258
2325
3073
1881
3675
1948
4574
369
139
2585
416
2377
3406
2555
3590
2261
2362
4265
4624
2095
4500
1914
629
3471
1834
1700
3889
2837
4202
1433
3454
2211
4508
2293
607
2610
3961
406
3761
829
2560
3091
1618
2417
4634
190
4313
2258
1118
1637
3179
437
1198
4497
1845
2370
4264
2411
3947
177
2496
4546
4149
229
1862
2094
2532
1092
962
2400
4043
1326
750
935
3646
763
75
605
4278
2216
4086
486
4408
4232
2928
1141
2158
1297
868
833
1736
239
3160
1827
3539
1104
3893
2657
1097
2062
2701
442
4023
240
834
2488
1511
3536
2701
4088
3232
3403
3955
461
3336
2710
1596
4257
3601
1830
4285
3114
650
4487
1413
1155
1030
3521
588
2514
1739
4108
2499
4467
154
3227
2244
4335
4162
764
893
3809
4538
3520
696
2497
3137
806
1300
3987
3199
3092
4075
2998
2308
2150
2195
2675
475
2263
4061
1950
3914
59
1194
2755
1211
1120
57
2896
1855
3575
2947
3843
492
1430
2034
2996
4117
1502
2018
459
4427
1852
4386
2491
3782
1284
2086
1789
4687
3531
3754
1009
4253
2959
2404
1214
4663
4094
3986
1421
4093
2069
2209
1688
10
170
1718
4815
3509
4246
713
2923
1486
4349
1646
1853
3974
4247
3553
179
3832
1587
4135
3813
2523
1477
3091
3095
1881
2053
4858
1004
830
375
2900
1033
2388
1908
3439
399
4177
1808
840
2814
2904
3975
2358
2628
523
4448
539
1357
516
518
753
2732
93
3527
1453
3584
445
4213
3685
136
3381
1488
947
3101
3108
2177
4190
4196
4858
1324
1104
288
1694
3523
710
2182
3844
2329
2430
1621
361
465
4307
2346
1945
2430
1462
4370
208
3740
877
3698
3502
868
934
533
1794
1822
3518
2667
2279
1954
3281
1545
664
4507
644
2178
1291
4034
4615
1898
3976
4946
449
2762
220
4902
3951
1876
4711
1552
1192
598
4459
3400
3754
3817
926
2559
562
3133
1770
1368
1739
2213
4256
2565
854
1989
4888
3085
4124
1846
1394
1498
2628
2416
2823
2114
4396
2632
528
1152
2992
1377
2990
204
4259
2398
2727
4354
4453
111
483
3709
1945
2292
307
2789
2553
4864
2120
3865
3058
1422
1650
1084
1468
1979
454
800
814
3866
2346
4944
924
2282
4204
2204
2613
1582
1164
2347
470
2561
693
2059
3360
4725
722
3929
3016
3294
4419
3345
4993
5065
2269
3433
496
1484
4250
1128
3456
1162
4663
4677
774
4225
2501
51
4894
4578
4687
3245
1623
3246
4822
89
1208
4912
2459
1949
3710
5067
2035
5040
4111
2753
3106
935
2177
1875
4464
1327
1767
1517
1213
5034
2649
3050
2398
1818
712
2536
5087
2744
3858
4287
2967
4995
1240
1141
4595
4664
1965
1668
1810
1126
1017
3593
1972
559
2011
1840
4358
366
3299
3405
2801
4056
2727
4103
3729
4227
473
4741
2034
2871
3385
3871
2241
4053
3454
1391
1990
4441
4869
220
619
297
2923
2477
5013
4464
4266
589
1231
2054
629
4821
4953
2577
397
638
2900
4661
458
4847
3188
4479
4455
1412
4106
3815
186
650
303
4417
2133
3131
5014
3396
3504
4172
2833
3590
4281
4649
45
4717
2000
3421
5044
4415
3291
4031
1544
775
4131
2664
4761
1867
3363
4358
2751
2686
162
1137
4172
288
995
4214
992
1951
3957
418
2172
2909
671
886
655
516
5106
4941
3795
2421
2117
2179
1038
1468
2959
1090
3477
437
1809
1628
780
3123
639
4035
1940
2255
359
4562
2658
1143
2103
2245
825
1719
150
1005
1015
2753
2885
303
639
1961
1371
3443
768
3001
833
2752
4471
3395
3039
396
4163
4333
3738
528
1655
4574
2271
2893
643
4507
2038
663
479
4141
553
4764
4561
106
1932
1587
2700
4315
1045
754
3296
3717
3581
3355
1461
5133
3461
4068
4
5032
4035
1861
1829
1834
1609
3642
5030
1074
4161
4260
4729
5155
82
2351
1066
3210
4710
3331
2581
3211
1621
1056
4122
4287
403
3568
2137
2988
3796
5076
511
1539
5284
3427
1485
2498
355
4060
89
142
3383
3030
391
682
7
3056
2052
5286
2289
508
4399
2601
2180
4980
3089
4813
4019
2653
2893
169
2708
795
4104
1256
4466
232
3124
3463
379
2155
3174
3565
1972
127
1937
2461
4571
1049
4012
2263
4961
4394
2121
2585
4087
2597
3760
3998
3813
1472
5129
1230
635
2424
272
29
4888
1729
1468
212
662
2053
1543
3014
3371
5
5369
417
4362
2648
3276
1545
1726
1191
5424
941
3345
4491
3838
4243
4321
2860
4327
4014
1143
3313
4725
688
879
4245
432
4879
4748
5413
1112
4782
750
687
3599
5256
1183
2110
1490
2388
1721
2473
5339
3816
685
5253
5293
4888
4022
1942
4436
5258
116
2742
342
3581
3063
1961
4770
4175
1897
4125
4315
2538
354
4917
3590
1893
4128
3613
352
3061
4460
20
184
3057
2153
788
645
3501
2741
2494
3676
2614
4897
3148
1453
4810
2771
162
1518
57
2293
5170
3664
2009
453
498
2904
1951
1398
1137
661
3073
499
3880
5415
2035
4985
3681
4958
2189
3477
2341
5026
2784
4228
3219
742
1816
832
5082
744
5474
2244
1086
982
4400
3630
4112
2792
4529
4336
1668
388
4090
2877
1089
2890
269
3861
1500
2314
5146
1556
2790
701
5323
5309
734
1391
2645
4001
1011
1274
485
3865
4966
3702
4882
2857
525
999
3248
4386
1446
3135
3944
5101
919
4864
5222
4550
3319
3960
2691
2553
4694
2172
3522
5472
3954
1277
4167
3853
343
364
1008
33
1840
3147
5154
3428
719
1391
382
5209
2459
5048
2162
737
1685
2307
2748
3481
5283
2141
4755
2225
5571
4262
2675
3759
4852
473
989
3543
2924
5201
3160
557
3893
342
3045
347
38
2784
595
1740
5092
4871
3700
4575
218
2077
1549
1486
4795
1586
5357
3241
3444
1417
523
4154
5309
4373
730
4765
979
527
2757
1098
4556
2726
3353
4120
2745
3728
2054
346
4802
5585
2563
1689
4096
4463
4846
4043
2631
402
5227
4212
1256
4069
3029
2901
19
2383
1775
4116
4989
5000
1002
3214
3609
1818
532
2980
4674
1619
4842
5303
4812
2378
1493
519
2647
2617
5337
2876
1750
3090
3262
3321
1800
4404
41
720
5433
524
4233
4643
1461
2421
5258
5118
4687
799
2289
1792
4261
96
3963
1440
3433
3800
3811
437
4740
3251
2775
225
884
1921
1551
1759
4630
3718
5579
2496
2712
4672
1036
4469
2378
4512
1167
2605
1711
3582
2828
1259
1924
2090
1210
5695
2554
5454
1671
575
3414
5305
1302
5418
4637
1495
4908
4021
2599
1865
2033
4527
831
1814
3613
512
5528
4669
748
298
870
4106
1126
2510
5041
1703
5563
2136
2744
3351
5440
785
4998
4490
268
4200
4213
4474
1698
3918
271
5260
2030
4718
2907
3
43
488
144
319
822
3743
4553
5207
4006
5790
3232
5779
1672
726
1419
4037
4838
4692
4894
4028
2951
2322
1440
5844
1559
869
469
4603
413
2655
4879
5292
3279
5403
525
3940
981
3732
4935
1523
5525
1753
247
2780
5833
4955
4693
319
2268
4280
2661
5271
1467
324
5213
3009
5858
4154
5251
763
4159
691
4246
1644
4081
2066
79
557
468
3296
5053
458
4037
5756
2339
2742
1402
4520
2962
5075
349
3598
4304
2233
759
2140
2258
5270
2726
2083
1757
2295
5159
943
836
5853
116
3888
5130
670
4435
4107
1231
2178
1331
5072
5594
1952
3270
2636
1955
4819
3083
4173
959
3770
1432
4080
738
3099
5848
5943
4422
3482
3926
4832
2507
831
2453
5158
1874
1999
5936
941
1869
4529
3990
1293
4558
2475
2092
2696
2968
3640
2976
1783
1233
3654
3513
3932
4572
394
1775
3061
4122
4721
2877
4496
228
3001
3445
4019
5464
999
3718
5224
3249
1318
1300
2175
5129
3947
4126
4765
4346
161
5893
4382
2581
2943
3195
5643
1636
243
3915
2105
5955
131
3438
1329
4422
4494
2459
3482
3170
4585
373
678
4955
1166
5243
12
476
604
4782
4086
884
2694
179
2021
1001
3715
4648
213
3597
5445
3574
2251
5982
3355
1312
1880
2155
4703
767
406
3424
4808
5939
3991
1421
3817
2473
4811
2249
3766
5733
4478
5804
2507
2591
4484
858
2782
5554
5126
5355
1663
1787
6019
61
5291
660
1294
4121
4515
2734
1567
3372
4334
5196
181
3258
55
184
3774
3947
2809
317
237
5759
5536
1701
3683
4905
5170
1490
2317
353
5459
1600
2038
2760
494
1004
163
193
1731
4601
1088
2762
4807
4301
2352
4239
3274
3065
179
4517
4793
2891
6101
5933
1181
2127
686
1702
2297
810
5000
5455
513
3063
4703
2363
4938
6129
2004
4665
5230
1972
2669
3446
1468
4840
5156
1505
2590
4186
2872
4062
5597
3450
756
2805
5140
3775
2942
3699
5559
4995
2819
1003
2248
6066
1570
3724
1051
1337
3974
5133
3761
5175
5360
3633
1190
6132
5422
3717
3738
4555
5685
280
1387
2278
2564
3392
1610
2599
1684
3645
361
22
1906
2152
4576
3837
2679
617
6108
5805
429
151
5644
3680
3771
2435
4832
5852
4310
4785
3916
4188
4975
2521
1748
317
4087
4493
5666
546
4682
5941
5723
3253
5746
3761
1721
4759
2446
5094
5731
5766
1599
5360
4641
3438
2173
5002
1934
916
5587
3479
215
1506
5480
5521
2707
1742
153
2940
2449
5667
3551
5484
1850
3664
2353
2630
5438
5908
5109
6184
911
3999
2188
3519
891
2023
3324
2084
3939
1032
4293
2363
4556
413
1951
1341
1608
3152
3943
3593
5276
3982
3808
1520
1962
5982
307
2803
9
4209
2007
4522
2816
1062
4583
2765
364
3158
4353
697
3002
6241
3065
1498
3553
4539
1817
1246
5019
6292
1021
4577
1665
4685
57
4288
2771
283
3015
5874
5459
1578
4160
1740
2819
4399
4575
5153
1109
6257
4367
5595
2980
4009
3351
3958
6074
3151
3733
1816
4144
1902
474
252
5945
1090
3847
3670
4016
5086
5574
2050
5558
4735
2279
987
2993
4545
4808
119
6212
2678
6340
5250
5996
461
4116
7
1001
4538
1648
129
2318
980
4892
2336
1057
4518
3394
850
4884
3523
5115
4572
1701
1116
2467
5168
1150
6112
4355
1409
3083
4645
513
4676
3505
5902
4271
713
3636
6258
3878
619
2714
842
2437
3398
4349
2278
2765
5934
4513
1286
3105
376
2896
4222
2971
4516
4136
2844
3427
3622
4882
6421
6375
6278
2404
1972
310
4757
1687
3319
4933
5559
5186
4501
6032
4703
4134
6122
470
2687
4938
2654
3795
5293
5373
490
5670
6264
6215
1455
4226
5798
1840
2066
2210
1448
3956
1059
5574
2688
375
5839
721
1543
1372
2862
866
1508
4247
2652
2971
3037
4128
2056
6275
4087
1725
2954
4378
4940
6463
2304
4961
5475
3594
5872
6360
1109
1587
3392
2848
2569
1031
1776
1190
4479
1299
2430
5321
3060
5533
5860
862
6015
2236
2178
28
4127
6102
2089
5488
5064
5550
425
2281
2343
1276
4057
3661
2788
2
5126
4674
79
4474
1317
3084
3992
3676
119
4575
1541
6138
6318
5544
854
4143
5604
5951
4200
1599
322
3997
3789
5481
209
1442
2712
5209
3837
4747
4211
4353
5494
3294
2678
160
2851
2303
6358
2797
6345
4406
3574
3396
3235
2552
5403
6005
2779
1993
4106
3753
2982
4188
1463
89
781
170
6130
819
4770
832
4828
6501
271
838
4910
1060
3999
2039
5880
5366
770
695
5133
21
5527
6089
2728
3261
5527
2241
1552
169
1969
2161
3147
4976
3270
5805
6046
5388
2402
506
1272
5226
1329
5812
3624
1866
2477
2700
4103
3942
1487
4804
2346
3380
2885
2835
2423
4380
2888
3868
1946
1680
2754
3869
2523
2916
5672
2052
139
3965
125
3192
3983
2971
4696
3519
112
2637
96
6312
4374
4781
2293
3468
5026
6525
5231
5731
6652
1090
4538
968
1925
2554
3049
4228
5193
1047
6200
5990
2590
5834
1607
1054
2549
4809
902
688
3555
1325
204
3787
4605
6287
3008
857
6429
649
6152
5427
3517
2531
4365
2922
5072
6080
4722
121
3973
1319
3309
3203
3347
3220
4094
1048
5931
6197
1224
4511
2130
6390
2359
5292
6371
3996
6371
5377
591
4905
1909
767
1171
4688
3364
3352
5403
1363
6093
3493
5656
4955
1569
3947
653
6122
3686
1602
1257
845
5070
2317
6597
4844
5590
6002
5044
3176
223
2397
2853
4915
2172
301
5797
4197
1456
5206
6769
5813
405
39
512
1387
4272
2545
361
6143
418
4561
3692
3684
3689
2838
275
3494
4820
5035
2827
860
4037
4307
2454
3541
4454
4347
1308
4494
1984
3952
3817
4572
4511
4813
159
1686
2640
4135
299
1426
5985
3286
4623
5080
1602
6474
1409
4441
1520
860
1902
6741
5490
1811
2589
3920
6274
1720
1984
6784
3269
3565
4813
4751
1972
3528
362
3301
6561
4545
3735
431
3774
2966
829
2297
4912
1218
65
2003
5775
258
1517
5215
3198
1035
4803
6289
4229
6670
1472
4276
6296
237
4590
257
4348
5285
5251
2547
2703
5962
5779
2976
6162
4616
1557
2588
875
2543
1530
5677
263
1229
2418
2477
5466
1554
795
381
5881
759
4647
6417
6601
5083
2336
5535
4541
1209
4688
1692
2058
1677
6588
4619
1007
3062
6893
2382
6911
2020
2098
3482
591
2594
3166
998
5289
6348
1438
3322
930
1758
6138
529
3470
6237
3479
304
720
3426
5316
2981
5092
4707
326
561
2499
3826
233
2801
2281
5111
3575
75
3691
5542
2992
4475
691
3938
3457
5990
1921
2244
6784
6197
435
4085
3436
6218
4933
4114
5222
5970
1781
4682
6813
3985
3071
2082
5541
3826
1758
3227
1884
1394
895
116
1485
6793
3493
5146
6781
1183
840
6101
5336
6264
100
5305
2597
5206
2409
352
6951
4426
3238
5524
4535
1039
2547
1291
2715
1031
6319
6271
6513
1288
1727
4270
2569
3171
6679
4867
5180
18
926
3412
412
3696
5007
7015
5666
2873
3325
4432
468
5489
6654
6025
6852
6616
1256
5788
4913
6273
2799
4871
1979
4736
1622
2056
1289
262
6408
1330
3119
6503
1065
1045
4939
4987
2844
7020
3219
6579
6822
5774
5352
5450
6708
5446
6016
3426
1369
978
4105
2956
2510
4911
477
5627
4997
3104
5066
1127
5250
3458
4860
723
2856
1877
5850
1016
6712
203
3281
2931
1119
1096
1021
5178
6863
2197
963
1135
1257
270
2112
319
1130
5006
6016
5698
3621
4455
4026
61
932
1095
5507
4293
2951
5513
916
4195
747
319
539
450
798
4401
4147
3653
115
5343
829
6129
4299
3263
5656
2829
1822
101
59
725
6170
3722
1335
2363
2050
1129
4384
5568
1921
302
2519
3831
6039
3138
2316
6004
15
5910
1605
633
4973
5920
1655
2015
4360
5120
1109
4446
2801
7168
4322
7167
1195
3654
4649
3684
1511
1426
642
5909
6506
4144
4353
1810
2136
4344
4118
5801
6169
6072
6406
6621
3602
2691
992
2102
6081
1046
267
1303
7042
4592
3614
3401
252
6817
1970
197
7061
5133
2156
1943
3465
769
192
6290
3878
3792
6547
5708
360
13
6219
622
1798
5686
6016
1641
4081
7019
5665
7232
2630
4440
7068
6795
1786
2879
1297
1246
6888
1871
2316
3547
6434
648
1111
2400
5450
135
6858
5959
6437
6184
5718
5293
5179
4546
6991
6685
333
4860
6747
4167
5199
2914
3266
5083
2433
1305
651
4217
157
214
206
1945
4840
1123
5832
1323
5547
3625
3076
5087
7129
1635
4788
1462
1819
6389
6134
3022
4890
4066
3567
4788
2086
6585
5625
5639
7063
4809
5180
4715
4233
754
689
1028
4858
6153
2480
6558
5417
2179
1805
2001
3637
1059
4773
4904
6375
1282
2412
1181
7078
6398
512
1449
5663
3618
2821
3003
6642
3519
4221
5311
2911
5625
5026
495
1527
1415
4838
6383
5282
7026
4844
619
4982
2124
6144
5318
2780
4177
2573
4571
232
6084
4751
5177
2465
5356
3710
6021
1908
1442
4788
425
2895
857
4590
4616
1872
12
1493
4496
2593
5209
7190
3300
618
6510
3564
1337
1433
5351
5934
5380
538
1838
7127
1581
3874
2179
3825
5642
945
4445
6088
5633
6113
2044
3752
7002
5348
3213
2484
2939
4342
2153
2757
6009
6712
434
879
1099
2272
2861
1304
3213
2421
6642
3804
7237
7036
2506
5335
519
2132
3643
5202
1743
2074
5675
4620
5129
5643
5596
5636
4548
615
3534
6048
1581
721
5558
7036
5784
1227
6448
4432
6015
782
2193
7197
3022
204
3320
3614
1488
3748
2250
5032
4265
1703
964
429
3847
7263
4989
715
4189
4563
152
617
5969
289
2150
3790
7081
2033
909
6808
115
6850
988
900
6707
7331
3124
5050
176
4545
1670
5223
3775
2998
5197
6791
3457
3171
4820
6651
4174
5655
1979
4321
5319
7169
4169
7016
65
5268
1425
7025
1359
1087
795
5312
2354
1937
3987
5340
1522
6804
5663
5749
6455
5802
3899
7209
5980
5228
2616
2854
6185
2559
4190
5014
3361
3084
6681
4716
6808
4918
4886
1840
5745
70
647
6967
2795
722
230
2714
3410
120
7509
5263
3075
7084
2134
3781
233
1358
674
7167
2067
5245
3241
682
1645
5553
6720
6222
3708
918
1939
7302
5525
2618
3593
1672
1281
4051
834
2054
4574
2326
3788
3745
2028
2494
723
3153
2128
3607
2104
674
3008
2291
2510
122
5201
1471
5179
2777
605
28
6500
6916
4303
4561
2210
3954
3489
5860
4250
3684
3706
6013
3323
5186
5085
733
2947
315
1108
1807
5671
7370
2096
1604
3396
2194
893
5001
2087
4582
3747
3057
3865
6346
3144
5764
5207
2675
1679
1050
4102
1408
5909
5697
4518
3579
1841
7431
4298
1016
2760
1548
5060
3339
2534
4003
2395
6732
3759
1644
1254
5086
2790
1633
1484
1691
6240
2134
5371
4615
1470
821
6335
1158
1137
1578
4893
3694
5018
7105
6616
647
4778
4152
6814
7198
2798
4016
6083
2278
6846
3088
3377
5642
410
5285
5489
380
3499
1979
5332
448
1597
2943
294
1904
1744
1713
1120
6636
5005
3922
873
7231
305
2406
3237
4077
7289
944
4625
3531
4516
1440
4434
6652
7719
1129
5447
2868
1675
450
6440
4141
6746
5461
7723
2359
2337
504
1733
3438
1473
927
7213
3116
7328
6339
2837
6109
452
4566
5696
516
1063
923
7051
2018
789
7388
4560
196
3881
1515
5666
2145
5226
286
760
2830
1835
654
4015
5793
2594
6144
4438
83
6461
5662
7494
1725
3652
3709
6697
3709
5360
2451
5070
7088
1741
7035
185
6245
2980
3136
2582
6849
3495
5749
7495
6068
4084
5034
4056
289
5906
1189
1995
89
2153
4303
343
1342
2767
3422
3550
6509
486
5709
4886
7391
678
142
1370
842
244
5491
6168
3402
5252
4853
203
2578
2604
3569
7340
5718
1448
2827
7108
6283
3537
4703
3456
7021
4186
2564
2799
1388
588
7179
1918
2774
678
5459
5759
2505
2108
6324
5519
7177
2252
1189
1568
7480
37
1973
2744
5436
2771
6560
6299
1645
146
4464
3066
2709
6681
1681
890
6419
4376
5812
4323
2026
3291
4763
3686
3692
4141
1013
2250
1623
3495
2338
4665
2565
566
756
6664
4574
6452
476
1694
1212
5894
2965
2390
7721
715
291
3482
6894
2095
4092
7104
2050
723
7728
2373
4107
1872
571
762
2555
6914
482
3752
7534
7201
995
2329
619
2528
5726
2259
2781
2506
4194
7338
448
6746
2597
4520
1600
6122
7302
6411
6913
4534
7304
6271
5525
3720
3087
6107
603
1157
3775
3299
7819
7918
4907
1105
4634
1284
4142
1771
2655
6660
2263
3426
7434
942
4768
3602
6082
4397
5718
7694
6411
7307
5632
74
1995
7740
245
254
4898
6771
601
4695
7961
1301
4681
4792
6984
6616
5070
1096
2104
732
1760
382
7701
3842
821
4703
157
1440
7225
3007
1755
4059
3795
383
3633
1077
6455
1610
3391
3152
3315
6073
6461
432
4995
1790
4813
6893
7148
3453
2845
7727
3561
1354
3872
3971
2440
1484
3124
3127
6692
7181
1665
1780
1890
6906
613
7136
7499
3191
7597
4943
2663
3254
4947
8013
2102
865
5228
1995
7541
6975
2329
3192
1830
7430
7789
2479
260
66
2759
706
633
7142
367
5110
1660
7740
955
4407
1955
6627
6423
6530
339
4021
564
893
2716
3109
2269
4176
6779
4928
2357
3650
1691
3500
4655
3712
670
7124
4624
2723
5985
2759
3834
804
5884
7985
6328
2083
2548
6946
2964
1813
6052
5231
138
2506
674
4336
3571
4898
6669
4172
1000
125
1045
4758
1722
1974
508
6399
5625
2655
6343
677
104
3456
2648
3559
7330
7281
830
7560
3943
6614
8161
7891
3779
6105
3320
3305
6216
5052
5271
40
2002
4795
1189
4691
5175
6385
1
451
89
1344
841
3620
6422
6885
274
3234
685
3134
8185
2443
5113
2278
5153
1379
6175
5983
6450
802
5289
1225
6973
4648
5882
1863
4057
1946
3197
2828
4573
3582
144
5614
3301
6075
467
1238
7708
234
7569
6659
2354
1622
1036
2372
6319
882
3641
99
662
4100
6287
2628
2305
703
7916
1019
7340
3101
2095
7063
4626
5568
5912
3443
2635
2147
7242
5172
1280
3705
6295
5369
8020
1670
2951
3114
8010
7429
5641
4957
2445
3648
7031
7211
7418
6740
3692
7231
1371
7824
3347
7621
1429
679
1936
5265
7930
4746
3984
7281
7083
3684
5919
1835
6844
7665
8197
3253
4334
7510
168
7057
4118
1051
4361
7740
1583
2997
1295
938
7657
4243
3554
3365
891
843
3284
8071
5958
4747
7136
2346
1424
110
83
5197
3715
1322
1078
5133
2464
6401
3124
7618
7373
8030
7910
2549
2159
6716
4050
6588
3964
4736
4946
8325
6815
4976
6545
7574
4824
3027
7910
3538
4553
2474
5980
1428
4210
4461
6123
317
4991
5018
8143
6295
1381
202
1052
2829
4230
6915
225
6216
5273
5994
1742
3901
2646
343
2642
4845
7222
8149
1269
6802
1006
4366
1607
3551
7208
5087
1926
7612
6476
3599
3565
2478
1495
4938
1296
4516
478
2567
1740
4677
615
930
784
7515
4386
3937
137
999
5535
4152
128
8030
91
1423
6698
2908
6341
4036
2886
4073
5215
5404
6231
8067
659
7058
6542
7218
1684
6064
215
227
292
5017
1281
8313
7758
2235
3114
2908
4814
3934
3893
7588
7556
5373
1624
1547
6352
233
6611
6767
1682
6473
8229
3647
2540
5962
5270
8152
4004
579
929
4574
3869
7848
835
6321
5871
5033
5520
6611
473
739
2958
1703
1235
4844
124
4163
713
1455
3284
4721
4467
2045
5458
778
320
2656
1804
3775
1334
4187
4926
2673
3952
1109
2680
7643
5287
7908
5563
7051
1213
7399
8263
4967
2000
5311
3616
75
1893
2426
5957
1324
2755
4036
5888
6532
4101
3183
3575
2657
7522
266
7827
5643
5662
71
1739
6272
7088
1832
2991
4023
2299
924
6911
6705
4475
8426
602
5903
1078
5631
506
1688
6517
737
1651
8359
7908
7205
4987
8270
5913
3489
3675
6925
5503
8423
5872
5614
5425
1898
230
7734
4047
7873
2782
5886
7146
7948
5573
4290
8119
133
7537
8161
4625
5913
8109
6970
7172
478
6264
135
6685
4254
6304
8505
4800
2941
3798
5272
7649
3886
6047
1534
394
1386
5985
4257
7969
4890
4110
8225
8160
4886
3128
1843
3972
2392
7083
5482
7916
2273
6533
3289
5667
8063
4067
3272
1366
2735
2550
2476
8103
303
989
4820
537
7974
8490
7524
1390
7733
3788
7966
1885
1396
569
330
2971
2933
624
2504
5783
3801
8490
581
6569
7566
3463
608
3758
5326
128
6278
3567
8637
6021
497
6186
1843
8548
4712
4450
567
3075
410
2771
20
7076
8025
1095
2975
7863
2008
2753
2060
7648
265
3631
5871
4170
1270
347
2614
6051
6897
8584
7902
3265
5468
286
1865
1925
6180
936
5194
4376
3677
1583
1729
5149
4169
6757
4730
4
3261
6413
2391
7925
4128
3280
4593
3199
6007
1373
5404
611
3697
8482
8631
3585
5853
3297
6355
8683
2256
2522
7418
2584
1234
6560
4888
7298
7000
547
7656
8170
2956
2368
4936
6019
5831
4419
6041
5375
4733
2379
5576
162
4461
1214
3962
5859
6511
550
643
5225
5587
4832
5288
8724
1407
5900
8633
2071
4882
485
3434
442
5441
381
4941
1456
8637
5564
3625
1908
3165
5980
5535
3336
748
1687
7174
5889
1186
3768
4427
3751
960
89
5900
7708
3826
3567
4971
4931
3853
5426
2869
5930
439
8733
6659
6389
1775
7886
696
7288
2182
93
3235
1304
6861
3471
7682
91
7682
4487
252
3878
17
469
7534
3090
4074
2313
4911
1552
578
368
1602
3956
1748
2159
7029
3808
1696
3054
8666
8003
3870
6783
7011
6574
114
590
4139
6859
1952
5843
4582
4730
6721
2726
7406
4759
3004
1655
6943
2977
7794
3557
7379
782
1768
595
5790
5231
6556
2961
4558
7980
3326
4615
2918
3914
690
7973
16
5488
1552
8866
4212
7743
8024
3369
7991
2326
6884
4926
5957
8708
2836
6772
911
8484
2667
3007
2493
8686
1491
4428
5014
4508
6478
5303
6856
8600
3436
2380
2273
5034
5606
5093
6682
4252
1731
2154
3865
3161
1339
2428
5528
2451
4397
1290
5280
5986
4723
8449
7198
7745
66
1118
6394
6427
6366
4540
4553
5726
3227
8334
2945
7523
414
1551
5566
7192
7208
5367
6873
2311
2048
3690
8165
1039
3117
3848
6606
3885
5984
161
6703
7330
5712
1568
1887
1454
1776
2118
5902
8005
3187
2891
367
2122
3661
4380
2664
5044
3406
8130
3239
2475
1476
7528
8880
8093
495
7352
7416
8213
8673
8446
4814
7236
193
4175
1625
3962
6875
5078
8295
8802
1660
8778
6741
1278
7542
768
2141
4333
1071
4010
3409
2504
8711
1075
2219
4655
3629
7197
917
8298
8374
3719
4472
6667
3862
539
612
5559
2946
8989
3212
6024
5585
87
6490
7345
5773
7397
3542
8426
1337
3244
7559
8692
5059
6619
3935
1136
3218
7613
6226
8357
1533
2968
1627
1496
3847
4598
6634
6194
8866
376
482
5238
8098
356
7566
6319
5740
2611
6073
233
6573
3824
8467
2582
8280
8061
3673
8385
5428
8078
3384
7442
621
1990
4466
2106
3252
3980
1136
9038
4760
2261
2404
1215
267
3074
5214
7137
65
7628
5473
1982
1492
7312
760
6007
8242
7677
4494
41
367
7037
518
4322
2327
914
325
3423
357
8495
1749
5387
2168
4092
904
5546
5488
3741
1629
1070
1229
2500
8331
4644
6557
5988
8142
7943
7991
6553
6575
4076
2481
5313
7937
4521
8629
7017
3546
5340
7906
7769
4605
5845
3702
5000
9102
7724
5115
1498
2828
460
2194
7591
4878
5150
8807
2458
1812
5459
4730
8381
7798
8003
7780
5250
6068
6888
1790
8852
3263
2267
644
2476
7368
4479
3052
4755
8485
5580
7418
8126
3307
5529
5916
3555
165
8726
2205
8564
2969
4855
189
7585
4779
3955
8607
6565
201
1908
1490
4541
4655
1417
4200
5757
7194
3244
47
3367
3506
6871
8691
4148
8773
1655
6243
889
7383
8599
4807
7734
8591
8019
4436
8842
8557
6264
3746
5548
6931
8501
7358
5193
5314
1535
193
3387
7351
8440
8666
2944
6081
2394
8801
3400
5508
144
3494
5233
7216
5877
8578
4852
187
9249
2206
1296
385
4787
8110
8759
5734
9169
8337
8426
314
2037
1004
2415
4200
6174
9248
7462
4753
3749
3888
2681
2335
3469
4539
53
1789
3946
1741
5642
309
5151
6342
4126
193
711
4349
4159
705
9068
5384
156
7851
6660
5153
3388
4774
256
1971
3437
2633
2734
3657
2199
5361
5276
3409
4188
5192
6259
5144
2074
7180
2503
7317
7210
873
6849
7433
6031
6044
8296
5887
656
1940
2393
1648
4409
1769
6022
1437
4617
2085
1167
4906
2367
497
5972
7746
4781
3797
8085
1027
6505
6155
4945
3331
2299
7071
3924
7941
2152
4612
6765
1053
6289
1974
4789
8337
1058
6768
5074
329
4871
6192
5385
1223
5600
6517
5292
7780
1083
101
5455
3512
6545
4843
4184
7265
3456
7620
2157
7413
3947
2593
3620
1850
2526
1552
604
2716
7450
5788
9187
351
7669
5448
170
4342
4930
2761
672
9027
3395
6484
9230
4083
3548
3439
4125
9021
4715
419
8656
184
7001
8892
4040
7120
9443
6068
3571
1113
1960
7424
9137
2804
3383
6559
3621
3329
1404
6533
4336
8291
5705
7932
2195
1186
6655
2183
5222
8566
2328
4920
6642
5056
4181
7639
652
9260
8710
5487
649
1113
2946
2118
3129
2087
6349
2532
3862
2946
2995
5990
3141
594
3722
4891
2285
9040
4312
8874
5689
1848
7876
9357
4894
3143
2242
248
2176
5423
8081
1679
2818
2581
4128
7280
1566
5477
7318
5363
6490
3641
5046
478
3181
6779
8685
1331
815
2169
6955
4952
5482
5552
7954
9450
8486
6824
4060
8761
3402
3027
5811
4741
2588
5487
8792
3616
5658
8876
5959
2520
2358
6590
2026
7307
5014
8035
1792
8608
4429
477
6517
3698
9263
1548
9282
6086
362
188
9199
9038
671
4968
1716
2108
8477
9485
3624
5484
7915
4185
330
5936
9527
1512
3184
3424
7236
2921
2717
6639
7327
1861
8160
4282
3034
7654
2026
6485
1514
4040
8558
5944
4436
7078
3898
1332
4012
6112
7320
1933
6123
6594
3796
9511
7847
9593
8552
5629
5634
740
942
160
2925
5416
8986
8701
5778
2769
7626
9054
1596
3516
6453
293
1047
3259
4233
8135
4345
6332
5772
812
8996
1516
1276
4005
8885
5077
5081
3894
7066
7883
4501
3758
3087
6586
5730
8174
3882
63
8612
7498
2884
4201
4344
5462
6509
8773
5024
3678
9565
9057
952
4679
8285
1565
8218
6357
6632
7881
9402
1102
6201
1826
2978
8892
7366
1551
3287
9426
6573
4840
1917
6690
6822
3473
5800
2808
4812
8912
3379
6315
4580
2987
5808
7697
2514
6332
2021
4197
2241
3284
3829
2745
5692
4487
3073
8791
7205
5401
8522
4090
6464
1632
1989
134
110
9284
6808
439
7628
3148
2004
876
5164
5897
5954
4472
4553
551
871
4234
5493
5826
3461
9119
4792
7849
7905
4377
9476
2878
4486
1887
3030
5205
6473
4279
1509
7058
9002
4413
7240
2983
8992
8183
1416
5773
4813
8944
4072
2228
9214
3424
132
9200
7960
208
1882
2199
9773
2918
3800
8334
7306
1241
9260
1315
3833
2597
4217
2836
9778
1128
3131
5572
8317
9444
7429
1187
2446
5665
2203
4555
6732
4509
7750
2261
7491
3059
8351
2669
4927
3205
1197
5796
5935
6197
3192
4370
7876
2386
2205
8036
1815
259
5453
2633
1979
2967
4438
1595
2375
1447
3402
5630
3552
4718
426
2254
3979
53
146
2651
2524
2285
2444
4121
905
4184
7839
5232
1370
5319
8295
4405
2778
7937
5086
6417
5688
1446
7811
9175
3020
9503
6322
2470
2427
6428
2473
4018
7019
6773
2935
4573
1480
3448
9010
2963
6862
461
4370
9021
9454
9518
6967
8718
2599
5196
6146
535
7084
9380
7803
7848
230
4752
212
1312
3354
8426
2186
141
8021
793
4686
4895
4074
3517
8017
6408
4242
3812
4119
4692
159
1213
4923
2484
3199
973
2668
6832
8766
9629
3377
7739
7784
5020
8226
1971
4982
2863
9879
9057
3498
480
3721
6557
5460
3746
2726
3401
5864
9297
8255
6625
7810
5090
2520
9233
5064
8670
1222
6152
752
5641
3339
7611
4522
9328
8018
5478
2431
3755
3521
459
4574
6172
7303
8069
8009
1521
8699
3385
6024
8677
169
8971
5796
4151
4903
420
7355
4173
965
4179
7845
6353
9349
8586
5950
2728
2305
9656
3080
712
8748
9343
5471
7543
3104
1194
2403
4021
2002
1382
5812
4315
9843
4064
121
6837
6930
6902
8378
8101
9763
5583
2963
4008
3890
1563
6053
3950
1535
8050
2946
1678
6804
3304
5102
2680
1094
1372
9985
6144
8390
4734
2035
7017
9744
1975
5881
5664
8402
7619
3973
1760
1258
4426
4458
5317
2489
5558
9751
9021
10050
9337
1935
3777
1204
7153
1758
6216
4051
292
8323
2450
195
3070
9767
1516
3018
7402
857
7985
8059
9805
9727
8704
4933
3576
830
5577
5045
9156
6025
3581
2583
4813
3803
115
6242
6365
1130
6575
7983
1182
3945
7498
6811
3551
1021
2912
6519
6053
4623
1881
5012
1713
9467
1087
1315
5251
6126
7988
108
4294
4746
6610
5758
3665
2849
4191
8884
2908
4393
9061
3049
648
9251
3889
1346
5724
1355
4147
2886
5861
190
1325
8600
3858
4346
4185
489
1054
5327
9232
8432
9144
2625
2692
7355
1798
9221
234
9317
743
1254
9412
496
9908
3520
9415
2671
8793
6612
5435
5582
2806
2884
7246
1195
5480
7686
264
7632
6668
2917
1999
1269
3000
5612
6578
1293
10063
3262
2791
300
4570
3420
8981
8458
7920
6588
1739
9405
2867
791
1561
9135
6402
3774
8351
9430
9062
9205
3714
2322
6060
6039
9751
8749
3934
7408
8537
9719
3974
9549
5386
3179
7967
8468
521
6692
2719
5975
9304
6000
7757
4760
4417
688
10177
1403
4965
2745
9272
984
5117
7307
6403
5321
8219
208
9224
5634
5229
8273
7696
1650
9172
4595
240
1624
3571
1994
8415
7358
8083
6105
669
7200
2533
1672
5810
8405
2933
4242
7950
25
139
590
5634
6458
9209
8210
8056
1496
10135
1923
5956
3437
571
7807
1029
2062
6050
1369
5215
1988
5075
4195
7470
2644
1116
4020
2092
2992
8160
4900
4970
3931
460
9309
5738
2736
6784
3408
4729
8642
5803
6318
6894
1249
3922
7836
942
6009
9797
8025
1987
8166
1630
1051
6243
3400
2624
4509
6934
5511
519
7883
4237
4581
2007
7460
6033
6085
7087
4251
1135
4277
2285
3999
4682
1580
7332
2580
5342
7896
4895
5164
1880
8204
254
4400
2364
1669
4583
4444
3105
1879
8815
2811
4603
2183
4157
2047
2411
6082
6432
6019
7104
7395
1120
5410
3697
654
6897
2410
10074
2016
8829
9599
7879
4176
652
4489
2134
2292
2285
1991
1856
3184
3455
10169
8674
4891
3186
5143
7116
5409
3537
7171
2253
5942
3506
3977
3422
10031
4733
6257
8520
8718
3743
7414
6883
5480
2262
9106
7366
2903
6071
6092
187
6643
9542
2393
6490
3451
37
2368
7913
8318
7157
6866
537
3582
4269
3486
4839
5047
3820
6654
8543
6894
10222
10159
9258
9789
5527
7604
6838
7120
8754
209
7272
5577
9808
2494
1624
1038
6790
2467
4201
8500
7010
10368
4681
10376
959
2811
10037
10301
2834
5429
3089
4405
9521
7114
4834
3931
2110
6546
1577
4187
4657
2843
1439
5289
302
1667
7513
10003
3257
4369
5279
8893
10008
6443
5407
10087
3578
3184
1789
491
10126
4465
5725
7912
4769
6889
1956
1404
3822
6466
6013
5859
9873
1904
177
4787
6749
4284
3376
703
10164
7930
7225
9873
6584
4251
10307
2822
135
6899
8484
8616
1231
8183
5053
7319
1702
741
9682
1913
4963
8275
3001
10147
6442
6843
80
2725
6385
172
337
7229
2864
10065
4810
9600
9148
6132
2977
1880
9030
5892
8520
1548
7482
9828
9308
5784
10232
5316
8507
7297
5524
3224
8693
2272
9230
5570
4031
1012
51
4457
2752
7420
2183
9709
1319
6236
1367
3601
9106
10104
7076
2727
1427
8101
5437
9324
9599
1251
7375
4593
6267
3719
10457
991
7126
4133
6322
6784
2158
5566
9415
7553
9023
4312
6177
2178
10347
2611
3526
2992
4754
8829
4551
6816
5606
9190
7008
9058
6163
9200
9155
2977
5276
635
3263
2818
2356
9500
3326
2975
682
3032
10315
8402
5718
12
7714
594
9677
9292
6564
4200
7345
6686
1717
7077
6545
1590
3074
10325
9055
6904
2552
3979
3385
10209
3841
1029
10519
8799
10490
406
9984
9428
265
9786
269
509
9601
6076
154
9117
6758
6367
5978
6804
6985
8879
10027
3805
9775
10649
8285
10132
5428
10505
215
5870
3262
8167
7756
10038
3496
9538
8570
9691
10458
9797
8135
5428
2685
2590
10126
2675
1916
10297
6104
6491
7099
5261
6837
1746
198
5562
6231
9520
9023
6995
6652
3717
9054
6403
7833
627
6889
6240
2445
3461
10577
2447
2230
5323
9721
3851
10664
10615
5104
3293
2987
3683
1052
6300
9151
4755
9289
4813
10358
134
9595
3796
10415
10498
9951
3657
2012
2142
3173
993
1154
4376
2058
7512
8208
8832
7488
3066
7072
8584
2999
6370
7679
8060
3574
6122
6986
5143
2434
1406
6130
4878
8974
5207
4701
1419
10257
6619
9418
4680
6806
4133
4928
9158
434
5541
10642
4083
231
3391
4806
6648
679
5134
10619
9905
1107
274
9764
1803
7629
10121
9681
3367
3583
255
4859
9097
7853
7218
2267
1275
3425
5337
352
710
9768
4295
7300
5724
1007
6930
1577
430
2343
3251
1436
7038
9032
5380
7226
1903
8389
6790
9144
3027
2962
4339
9505
5489
1022
2689
7169
2689
1439
5677
5915
4737
1923
8967
5891
3082
10830
3290
224
6235
8635
2549
8384
8497
368
7918
4930
6450
10409
1338
10347
7197
8596
2174
627
9686
4624
8731
10066
6893
10308
4603
7493
18
645
5284
4344
1643
1279
8672
7489
2825
1758
363
10669
6056
1683
10836
1464
10702
4220
8572
7874
7994
9797
3958
7029
5028
1532
8744
2588
3162
3258
7704
6269
10023
3628
1515
9682
10269
4749
1135
8279
9522
8238
3111
6177
4385
9309
2849
942
7805
6038
2262
5636
2812
7635
9272
1130
1385
3939
9116
9892
123
3383
5129
6877
4773
9165
7880
5473
7354
7378
8157
5893
725
3858
6995
1614
7239
7963
2713
5894
9394
4741
514
5363
206
10075
5875
7521
3511
10749
10177
2884
3470
8092
6122
10049
10918
7843
4805
8742
3119
3232
2242
7283
9141
4967
178
9613
6896
4162
1896
1309
10155
4987
8923
4243
2047
4441
5153
10363
9985
66
5687
8638
3119
7916
1433
5968
8507
10457
8424
3835
2695
7457
4716
1071
7514
2362
3523
2536
8717
2494
10691
8520
4348
2061
8168
5644
10440
4587
1818
1377
9397
909
8257
4217
10451
4789
8733
9362
5881
7724
9217
10149
5071
7693
3882
7312
961
1456
5410
693
8681
7450
3818
6788
1641
8460
5792
4011
4808
1163
7008
7584
2374
2530
5938
4734
10729
2915
6700
7027
4192
6921
4843
9449
10431
648
8382
6723
3572
7557
2504
1481
8044
1493
9842
7235
5084
6646
4521
9249
3294
2820
8304
5657
7964
1792
2562
6950
10626
237
5347
1049
2894
5900
10374
5376
10515
1236
9685
8577
1718
728
3278
8295
8805
4745
4769
10052
5930
6070
4214
6189
6839
10813
4502
10379
2525
7947
298
10614
8407
2873
6230
8237
108
8176
7017
4903
10862
8380
1839
667
8311
2171
5326
4
968
9059
2885
7710
8267
7543
8123
8193
5515
4091
10097
10382
5503
8113
3624
978
7042
7508
1429
9363
7086
5546
4236
6633
7758
5495
1180
8640
4763
143
9318
7731
7557
1634
8946
10704
4046
1483
5413
1014
5787
9055
1498
932
1647
1333
1434
7217
9672
5127
137
3384
10143
9324
4037
4325
2309
5015
6327
1978
5108
576
3290
8544
3027
2114
8972
5182
2847
6680
857
2168
8795
3139
1625
1402
540
9973
6948
2676
3548
5108
9358
748
5384
9699
1514
10217
2620
4758
9324
5084
10080
7190
9979
10632
3783
3240
2165
11110
6502
2424
10068
5810
494
11008
6255
8503
3993
4710
8203
7238
2461
2977
7758
9181
11270
58
531
10961
774
5435
8360
2481
9951
8467
8958
6353
5375
8165
7881
10520
10449
2145
9860
7674
6579
9463
6536
8643
9516
10075
2139
1867
10516
6435
5232
8314
1143
3664
1083
3036
2195
10862
8374
1771
41
9210
11249
7738
4552
8154
11013
4321
3298
7908
8496
6969
10741
3529
5086
3424
1710
7729
1354
7178
647
1017
1039
7372
8470
5487
3912
430
424
6084
3260
4964
3322
2274
10813
10622
4957
2931
7828
2835
2604
915
5550
9130
1303
5982
3331
10560
2909
8130
10525
6703
7157
755
823
10794
10874
4472
3169
9852
8617
1464
3050
6763
3490
1643
9370
7327
6941
9528
10533
365
4907
11009
9594
2516
6506
824
6949
4074
10436
4755
5178
498
8708
10224
11272
2362
8675
8632
1408
8776
3146
6039
4462
426
4383
628
3282
4136
2955
916
393
5227
3856
7417
7482
6857
9451
9603
11316
5769
4032
4830
3146
334
584
10189
11094
700
9170
7529
4717
11438
1380
8184
1475
8009
1789
1981
3215
3012
11050
5388
8110
760
6626
4815
4747
7050
6213
3165
217
7812
898
7049
5718
10747
4968
5258
7180
1366
4275
698
10539
10768
10030
8267
8057
9072
2511
527
4857
6901
10721
9506
3063
4356
6310
714
3348
18
578
5482
910
8817
7293
3045
5407
401
6101
6910
5772
1292
8538
4787
4300
10592
7597
6288
6435
7928
3385
3381
10127
7518
2093
8271
2011
1664
7089
3419
4342
11324
7151
3495
8326
11220
8959
4849
6646
2649
4189
10029
11091
1035
1042
7032
3748
4472
5486
7183
3776
9440
2043
1065
5396
4997
7522
6140
3150
1579
7473
7896
5068
9548
9144
10793
4605
3802
3038
10550
7795
9533
11533
6556
18
2990
3467
9240
10420
551
8546
6134
9934
7399
6760
4858
10950
3906
2610
8503
6639
6771
8981
9234
4965
8774
11238
11303
1789
10381
5830
6793
11450
6009
9987
5961
7793
9988
9346
9649
4599
448
3410
7005
906
3195
8720
9935
6171
2878
298
2497
6098
2438
9882
8898
5071
5572
6769
11156
11487
9696
5605
5258
2892
6787
8648
8821
7469
1065
693
1836
3621
788
1869
6267
8337
2568
11077
8027
5612
5349
3456
2093
8061
3404
1455
2889
4603
11139
3570
2566
2879
904
964
669
8865
8054
6547
760
11024
3551
2488
9437
11239
7186
498
4929
7022
953
4383
8760
6782
10876
10431
7129
5438
7589
10585
4518
2353
5975
11691
5653
4559
2806
11626
7900
10009
4716
10363
9911
11355
11322
10860
8955
8428
7610
1633
383
268
2861
3294
866
6700
1788
3709
3765
10536
1172
11450
7097
929
10163
11240
8397
9072
2462
9568
10317
891
8457
10651
10327
11205
10198
9237
6863
9178
2099
9599
9083
9764
8294
7468
4266
7772
9887
4509
11444
9738
6452
5110
8530
2867
4900
11019
8101
2701
4326
9114
1387
483
4599
4052
4918
4516
3728
6492
5236
126
1609
2515
10300
9408
5237
8605
9220
5955
8051
4163
3679
11310
11309
9589
9675
7828
5171
3259
753
6350
8946
7816
8428
9597
5859
9432
8260
4197
4466
2740
11241
10531
2809
920
7280
3337
9550
6765
1950
10808
1842
9451
6657
11300
10116
11209
9187
7501
4719
10906
1194
2484
5093
9616
8072
5152
7810
2444
2403
11506
9702
6423
414
11478
5474
11412
8934
734
8885
4187
7627
6623
3316
535
11095
7727
9119
4870
4188
979
3768
4450
9986
10552
9212
11626
10104
4547
1044
5731
11158
4869
3275
9885
4160
2256
1075
4481
1288
5354
1737
8824
7488
8306
6520
1016
8719
11296
2026
9213
11788
10296
4985
3716
3222
9318
6210
11536
8110
10096
5225
6782
5502
8449
7626
6599
6371
923
6733
5578
3820
2312
4958
10315
11155
8980
11338
552
9899
3842
11269
1227
8747
3900
5647
2699
11108
5791
11072
4907
11828
1236
8798
471
7889
2359
3696
9840
1376
694
3733
7151
11444
3375
5134
8231
5357
3973
4681
6635
1382
6872
4265
1618
9543
5621
9906
1515
9277
77
10520
3898
4434
11237
11209
4406
10695
7480
4116
1761
7461
838
3279
10030
1796
4087
9782
4128
862
8844
7967
8600
1701
1370
11685
7948
8993
7058
6543
3960
4475
11446
5770
3656
76
4236
8509
1339
10381
9280
4134
6752
8747
1594
3868
6268
2445
2744
130
5618
518
9835
1604
4096
1140
4816
9046
4410
6986
4796
11678
3059
10366
11356
11924
3220
9152
3247
3130
11019
11267
5437
8971
2742
5690
11750
9293
2976
11839
1370
635
2941
1200
1052
11000
7783
9418
4182
7499
889
11087
5240
6414
5099
6061
9436
2354
12055
10114
3604
99
11796
6082
5663
7238
7311
4945
1020
5800
5537
4205
9218
6115
1994
3331
1576
8819
4008
7268
4191
7852
9065
10240
5589
6424
5546
11126
5686
11614
7156
7103
4068
2710
5566
5863
7179
2952
8717
10439
3797
8919
5049
6878
8666
3974
2638
7061
11139
9514
5541
2371
9192
838
9115
4555
10218
9468
5687
11049
3100
8725
9663
5597
864
2572
10289
8963
4982
604
8224
6102
10981
10864
4458
7143
9330
2790
11085
1574
167
11281
7592
3607
6624
4056
8072
2081
10436
7073
7348
4263
2267
6109
2250
9131
6281
2177
823
4201
3884
1582
9784
5851
1733
10891
3933
6333
5810
10002
1424
4629
5213
1511
6071
6056
7344
8111
9784
9088
3259
10197
4724
7796
4558
11466
4242
10134
10292
11249
6356
3447
8487
6326
4770
7721
6875
2924
5590
1637
900
1144
7218
1105
4023
4075
10822
7000
11171
889
8750
11534
6334
4602
2114
3044
2171
2547
684
8710
9650
7950
3602
5410
149
968
4245
9484
1864
9027
5682
5352
6172
3010
7958
10380
6076
9649
9934
4885
3151
1835
9671
679
10034
4324
9974
1982
4941
8115
2258
4902
4195
7138
5426
10469
5404
8639
8041
3834
3358
6586
3030
3576
8381
10544
9592
3315
7148
1148
8910
5754
11928
2538
7044
5284
10214
11956
2328
7430
4843
10690
2828
538
5427
1734
11045
6734
2377
10328
7849
4037
12125
5277
11901
2116
8992
7854
9445
2228
9521
3109
10634
3119
4589
3208
1500
1606
455
5915
2544
11834
9324
1668
9531
7590
2921
12032
6143
5172
11269
9257
9471
4093
6273
3677
9062
9479
1579
8412
11371
11665
8530
10382
343
3738
1958
6548
10696
155
1259
4894
8386
229
8911
7458
5628
1418
5027
6019
3269
11919
4138
1604
8907
5798
10514
1716
1685
10619
7669
6552
7985
8184
8584
10401
7229
6788
5507
5427
11476
4583
6630
8010
9162
5324
18
3275
3616
7383
5907
10484
11817
6362
2172
9184
8235
8379
4094
3451
7175
7779
11851
6277
9840
2897
761
3031
9606
5445
2283
8277
2551
9759
11026
10307
9578
9821
9947
5379
3366
6756
3291
5265
3958
9074
8205
5247
9561
11026
3126
11801
12093
11204
413
11944
12259
4598
6766
9984
5864
8133
2683
4763
5370
532
2258
2394
5697
9093
7071
5145
1121
908
2541
8052
3311
6301
9115
8491
6747
2198
533
3522
12015
1795
8993
11850
5917
9788
3467
7640
3744
11380
5213
10277
3459
10928
2971
9090
1992
2686
10998
8008
8463
3255
11339
11666
4682
3322
7527
702
6479
3324
1222
10276
3408
1478
2084
11452
10804
11511
6652
6514
301
8761
4908
6216
2525
8717
2852
839
11994
3852
2147
11887
2193
1646
1612
9525
4856
4606
4440
1084
10946
12068
9054
3075
8649
1223
6650
8038
11436
11571
10482
5812
6593
7257
749
4194
7833
6339
5142
205
1918
4206
7866
9469
1049
9692
2880
451
1037
661
2257
11293
9244
2071
12545
12155
3464
7172
11346
4659
11250
4832
4948
3877
3786
1096
3142
9759
10366
2333
2925
5094
11355
3425
11660
2236
3148
11651
6961
9532
12211
6339
9865
8306
3497
228
5889
11269
2129
7072
8170
8779
809
899
4263
2939
702
5862
10355
3917
7460
1068
1344
3099
1037
10542
9394
706
11776
11611
6017
5140
10006
6109
5629
2034
9614
6429
9030
8604
407
8889
11416
4144
3153
580
10458
8578
11079
7386
5216
6698
2230
6854
1751
401
4792
3143
9489
3251
9922
2062
8777
2709
9885
5703
7757
9741
8753
9264
10458
1949
2405
4029
3813
10321
12171
1397
9052
244
7828
6521
3760
738
7291
5265
1801
7182
2102
1532
10348
8772
10506
7037
6802
2931
361
10884
6299
9149
11621
11179
3426
6132
10400
3177
981
10940
8573
2289
1750
8583
8050
12552
6678
4360
3388
6003
4090
1430
1956
8194
10657
12464
3789
4115
9357
4929
4910
8810
10076
4226
11169
1205
3366
10363
1176
3072
10684
12241
8510
11894
1598
10507
4477
5252
4511
1388
3005
11012
4896
10263
8032
5732
10263
6207
7928
12085
11234
3745
10439
2243
12386
12160
7111
9502
5520
11924
9950
5904
10154
3224
8651
6327
1773
8651
4669
5729
4324
7998
12735
810
4814
2439
2696
6917
7667
11250
4490
9365
9596
11495
2848
12527
846
5916
10104
2521
333
9132
4188
9027
2075
4801
5747
854
12361
5908
9573
5897
6945
6287
1408
3316
3085
10207
1509
4336
3058
5877
9471
5792
11708
7160
359
8744
6586
3203
5858
2465
3787
6029
9299
8707
661
8810
9046
6310
8370
6578
2114
12326
11454
8312
7259
11307
9319
7675
11536
3362
921
10370
6478
6473
5838
6877
1489
4427
7420
6597
8768
589
7191
4375
9726
8250
8264
6394
11742
8380
11951
11210
11351
4842
6058
11655
3589
3866
2214
6679
3408
9044
9620
10522
7421
850
5831
7320
10332
12816
6093
9559
2024
5677
6478
5984
5546
2876
546
1820
8293
832
11231
5334
6716
6111
12170
7717
8651
1942
11440
7220
9429
2437
889
11714
2812
10776
11858
10795
2780
6364
6140
9553
311
6484
414
12412
2552
5277
10212
1385
12875
12607
8247
3895
7707
6646
11459
2937
5555
11714
72
11483
4895
10814
1456
2838
4418
10068
5753
916
4353
4198
1028
4980
3680
8385
3409
8632
7330
12234
1670
12237
5302
12514
8194
10320
4969
10280
7724
10511
8235
7204
858
11922
11580
4190
10446
3035
10429
4539
8702
10850
12748
10527
5789
8700
5763
4472
6948
9309
7183
3218
4544
10663
1047
30
4400
2958
3789
1553
3995
3762
4188
6444
1193
1590
6566
3336
5287
12536
1737
11400
6516
9316
12571
2217
7104
12353
12777
6587
8174
10618
7508
4931
10789
7547
3285
6694
7099
6355
8463
8998
1851
11399
5922
1419
9408
10115
2026
5282
9163
4825
4277
5017
12757
8054
1014
5544
2904
585
7224
2018
2209
6520
214
12043
2761
10876
8778
3522
10486
1093
6732
11288
8922
10604
2439
11804
8475
705
2469
9426
8813
8712
9911
4789
12288
10978
1326
7731
12522
10498
5592
8238
3831
12298
640
8004
6996
1238
12956
2060
11959
7303
4227
10059
4736
3554
10200
2931
3147
10146
583
361
5190
12030
11662
393
454
6998
6965
3373
12975
5555
2134
7228
5598
580
12398
4509
10709
6199
4645
8593
3584
8659
2125
3282
1310
9949
198
6987
7978
8239
4715
6218
4557
11629
7087
3704
615
11761
8154
7595
4703
11048
2689
5066
3799
5748
1932
8609
2661
3874
1386
6044
9830
5108
7548
7407
4475
1607
9816
4043
12303
3898
1360
12706
12742
10472
1414
3367
1124
5676
2340
1330
12931
11044
3691
2706
9581
3167
2707
4354
7547
12335
1364
7851
722
3333
12572
4044
3055
3887
8583
12684
11214
7078
706
157
1393
12767
3820
1140
5202
12643
9344
6132
8405
5607
6853
8119
10941
3527
7906
3776
8186
1194
6847
551
3996
11058
3427
6420
12445
8690
11050
3158
2292
9575
7991
2828
9071
8049
5007
6035
2895
11291
8364
6977
7103
4699
10727
12284
6931
12951
10896
13143
8373
1100
5184
10901
9777
11489
6054
1663
9895
11711
4137
1806
9873
6931
406
3651
5388
1627
10974
7538
1322
10626
12574
10822
12983
10167
12281
11630
3294
5722
5457
10198
1421
6099
6153
123
381
8748
11037
5249
7015
9142
13069
12150
8570
7969
1087
12171
5253
2654
11221
3366
8524
12039
2824
3490
13149
12499
5768
8752
3507
688
6566
1778
3063
12385
12437
5622
3355
5987
11685
11260
13195
9973
7301
8648
2546
1690
11790
6974
5510
5058
1759
6526
138
8623
1300
4571
4224
586
1464
6277
9318
2205
12426
10157
333
13066
6118
12339
7287
7065
2030
144
2683
1409
9755
3321
11827
12111
7039
5625
1625
11820
4370
12905
2275
9153
91
4952
2699
8034
2492
4596
5954
4314
9139
8211
10945
11007
4852
1368
2005
10935
4595
12908
11618
7051
1489
10252
11394
11792
5493
5697
10914
7465
10131
4527
13044
3119
10653
12529
9149
12943
4573
4919
3794
12714
8758
174
8433
8673
7331
11461
492
559
6727
11043
11366
3560
6870
10388
10532
5319
10945
8019
13159
4481
6897
225
5997
9646
1852
2648
5488
10315
2594
9599
9333
8254
1998
7636
13117
282
12726
11492
9986
11005
9580
6778
5474
4683
3616
999
9502
2482
3893
9878
8592
3912
11627
1576
12671
596
8979
6175
11558
7905
6935
11254
11671
10088
10384
7682
6148
1664
12645
3935
13380
7972
1894
88
12523
6862
6412
7258
2042
11642
11103
12726
8332
10155
8646
6005
10159
11316
5557
46
885
13063
5876
1952
11772
12225
2802
8759
6087
3031
11615
2621
12071
2209
1072
6991
4135
3625
6254
9183
3023
2472
12471
2370
10210
7604
7638
2582
417
2796
3280
7132
8587
9810
11222
5515
7652
8452
10884
13423
328
12422
2260
10514
3083
13212
8983
5778
11393
8032
13195
6739
3171
1438
4004
5205
10717
12270
12383
12926
13431
10177
5357
6698
11338
1098
12125
2466
2292
9831
1271
8090
2017
3546
3939
13199
84
7326
6409
1183
2846
9110
5420
9976
9628
9490
6509
12092
235
10249
13285
7885
9896
3664
8363
10168
9904
11435
1220
6356
380
10756
6737
6046
13548
5113
5371
6108
10946
2007
10642
1110
10257
6194
8280
12341
9136
12826
11973
5396
5057
12673
8399
95
13387
4170
4466
4357
3846
3609
346
2113
2925
12052
10638
1825
673
12768
7909
2512
4814
13033
336
12436
8897
6086
6885
8254
2908
4784
10301
8666
354
6720
11792
7161
9254
11013
11915
3665
1075
12650
8158
10905
10040
10363
12235
463
10644
815
4636
10170
11201
3852
11993
11646
5600
4583
13156
3610
12422
810
12131
9602
9190
9705
10847
4199
260
1215
5967
10698
27
3323
2934
12301
3488
876
10548
3983
7882
12795
11258
5459
2383
8770
12561
7176
5265
648
1488
8756
13001
6250
11875
917
2273
13432
5802
5949
4134
12155
7195
3783
4483
11176
1875
5542
9962
8409
5762
10550
7338
4073
1540
9260
13223
5823
6481
522
3253
10654
6756
12579
2425
437
9910
11187
8272
11537
1825
8032
2245
8253
1210
4923
7308
1919
12031
10138
2363
9407
871
9399
1943
9749
6251
9988
1501
3407
8584
1516
10545
4650
11874
11185
6618
2333
11426
3064
2518
8484
8386
566
13175
7282
9301
4742
12664
6081
13714
9033
7529
1674
12842
4398
2989
3121
1290
9661
7708
674
4897
10198
12233
4205
2761
2447
13453
7059
12759
11699
4189
5165
5796
9929
11967
11923
5602
8975
4967
12656
1582
4133
1848
1495
9657
1838
6412
310
1574
5216
5796
7345
4324
9871
1655
9116
13014
7116
418
9812
10410
10933
9136
8418
13342
12482
6190
2276
9490
4934
2603
67
885
8978
9115
13687
8246
7739
7283
2218
10013
1454
7861
2957
4637
8200
4285
4593
73
7389
8312
9458
8583
2246
2047
981
1405
7086
3382
6843
9192
5213
10130
11178
5156
2585
9872
761
11214
7745
9955
1792
10965
5576
6145
13645
665
11669
10563
4824
5306
4663
6944
682
2420
3191
7361
12381
9422
6513
9722
246
5953
103
11238
8121
4395
7752
5885
11624
9009
1525
11386
3523
13839
9715
11709
1641
756
7938
9131
119
2963
5194
5577
10983
2118
3839
1917
9039
13116
2608
9359
6247
835
177
2134
7236
8242
7417
5179
9560
1285
8109
10805
9750
4887
341
13199
8483
3083
11394
10744
2035
8063
1317
13259
4308
751
11268
12254
6955
1028
11442
6155
8000
10902
2450
12641
6424
10334
10698
5489
13891
9033
2504
12228
12479
4393
153
11958
6800
6890
1797
9379
4232
947
10813
3320
7147
12868
7999
466
10779
3190
10452
7848
10431
6817
5178
13596
7848
2953
2822
2432
11321
12402
1124
13212
4688
6259
10368
8351
11446
10389
2428
12685
6703
12845
1811
10319
12714
12661
12852
7324
12037
8246
1898
5912
2726
10507
9520
12205
8786
8279
4430
11183
4593
3417
7369
416
3971
2144
7624
7817
13934
8373
9457
4500
3589
2291
2542
5968
5387
5879
10686
9175
5419
2706
7534
3153
4018
5143
13815
11271
13654
3420
12524
13916
1191
10311
9606
13932
10506
3126
10080
4366
3496
7852
502
7789
5293
2542
11092
6618
10305
9905
5057
3243
3549
4793
7231
5384
11364
9072
13259
10018
5969
4698
5079
2968
10060
2122
3191
1234
12257
3188
6227
2991
1873
2980
13823
13197
3146
8157
6889
3731
12396
3888
4701
10859
4422
10068
3405
7099
13929
5373
3443
12324
13853
12040
4309
7651
1744
839
1662
2514
1926
14107
10418
7698
1428
12655
7997
3483
13638
12436
9959
208
1369
6429
12821
10492
13610
11128
5992
11326
11334
12916
13812
14078
9122
8976
7249
9839
11374
13157
3044
437
4334
10473
6892
7125
8772
6043
9876
775
10355
10032
11754
12501
3336
13954
1532
13652
2501
5222
6630
11985
9896
4952
7606
9954
6857
12231
710
5457
8943
10876
5066
1919
1486
971
6001
897
2116
408
9984
6144
159
3467
7967
414
452
9431
6859
3712
4704
4675
1695
7898
13223
9439
13147
923
6869
13958
13518
4968
13556
7002
6697
13502
10505
6146
5494
8779
10253
9197
3331
7497
7256
1985
5823
10421
6340
2685
3991
10255
4054
3199
4426
7663
14137
3376
9743
7453
3569
5950
12435
9646
6162
1924
4359
8173
5819
10427
9577
983
13013
13908
22
8164
6515
10466
12489
4838
12331
10092
9491
11596
8454
11395
4187
12692
1227
1764
4755
3633
11586
11349
7107
6328
5514
4287
12816
13496
1396
7351
6564
4863
11708
2012
10589
9841
883
5011
649
6061
8472
12235
6202
7405
11461
5511
12822
7264
2642
276
1651
13229
8902
5917
6322
10035
6174
3758
729
11463
5169
12236
6152
7942
1960
14226
2789
12679
1484
2158
7962
6937
2723
11534
719
7955
12950
259
6035
5693
11422
14319
6651
6742
3104
4856
2081
11423
1370
5658
8364
14259
3877
6984
13087
11698
3767
5904
5104
10902
2972
4519
5241
5431
10652
6562
13844
1006
13478
4628
8535
3558
6384
14187
1245
5610
3255
5576
784
7563
4417
7745
13381
4343
14132
1692
231
5326
3664
6550
747
3549
10126
7774
8876
5524
488
12661
3792
1997
6777
5155
1239
6522
6717
6618
4867
12094
6154
10591
6544
12222
13721
2031
3770
707
7414
7185
8348
1214
8323
10364
3756
1797
10362
2841
6432
1062
13789
4176
11647
11594
10575
14277
13537
246
2401
7137
1498
5128
8453
4017
2398
6531
923
6701
1787
9479
3499
1051
7395
1192
952
7702
11304
6682
5454
5551
13557
502
2029
6024
8627
5630
13963
2213
4572
2574
6236
2449
12349
12652
11436
6226
8317
5788
5311
4596
3822
968
12944
7382
3722
4985
11407
14421
5724
13041
9338
9986
11412
7396
12265
11262
2781
6457
4440
10187
6850
5183
4387
3116
13087
2474
13466
9495
6810
2209
13967
3899
2081
628
12733
12040
703
1628
13145
11107
12136
10999
7645
5711
5068
10721
3228
5702
2958
2227
9986
8745
10052
3153
11071
10659
2609
11525
5821
3605
7103
14503
12305
6453
1481
12006
6755
4201
6746
7927
12495
7720
464
10909
9886
8407
8123
4680
6505
6821
6257
7757
10910
5953
8755
13621
2797
13618
11648
4848
14560
11549
3558
5528
10631
6308
9028
13365
2543
1498
4766
5966
13672
12589
13829
7812
9750
391
343
3124
9656
10263
4897
7102
14521
7076
5953
655
4065
5688
1895
13726
6307
2021
448
7563
8906
14525
1432
11768
3911
12298
3004
10554
2200
1531
9452
9255
11326
6666
4989
13511
4022
6952
1355
12935
4392
7866
10851
6782
9897
6783
6312
3963
13504
9013
4282
4648
6028
13114
12546
5717
111
5144
8594
12294
3192
5445
4300
7284
1027
6261
315
9926
12678
10450
4455
1075
10218
8238
7350
4150
8722
8537
14576
7034
14648
1943
9570
8347
12121
2580
5864
8107
11094
13866
7922
13229
2668
2197
1603
5867
11311
6504
1083
3737
10969
6740
7147
4770
5803
8297
8398
10827
8936
4694
10388
4846
10323
6102
6499
11731
12281
5086
10067
12648
4964
1833
5656
14644
4639
1168
14665
3741
11501
2359
4790
4428
10269
6936
13247
5466
14136
2182
9656
14675
5380
8623
6491
10009
10451
6224
484
11016
3286
1227
13771
10934
2194
9788
8384
13881
8108
14182
668
839
8705
10503
5166
5548
2065
4976
5506
12692
8418
8287
12847
5397
11403
6083
7322
9721
1757
8441
33
2907
7988
3848
2989
5071
10543
9904
3808
527
1098
12076
9876
9829
13996
4622
3033
266
10808
13192
1181
12984
6287
7756
13462
9628
13570
1372
3118
2661
10328
294
12039
2432
5420
6735
8219
624
1400
2653
14309
2770
14747
11283
11079
1930
8769
10317
4205
2569
12490
13716
15
3002
11492
1426
2816
8247
4026
2878
7664
7247
5249
14789
4953
14417
12697
1526
2684
601
7256
9585
8941
1149
10242
5815
5669
3104
3102
12011
4045
9614
3708
1645
9282
2712
9880
2318
905
10660
3500
12420
4210
12755
897
3139
14664
14510
3821
8397
11668
12979
13251
11354
8169
13811
9614
12250
13136
10002
13870
12190
10797
6138
8069
2447
1649
1492
1805
11844
4528
4875
3378
12393
7199
6927
5797
12015
850
670
8318
77
1362
14449
11533
917
14526
13540
4065
12092
11505
1779
6774
14160
2437
8410
11769
4616
14242
14366
4066
4459
4542
4692
13873
4193
7527
6423
10841
10088
5596
6086
6991
7400
2343
1196
501
164
13644
14736
4082
14453
5413
7393
6565
10587
3233
7172
9835
11150
13333
10350
11815
14311
9148
9991
9371
7419
1366
4565
2278
8302
10391
10366
11560
6314
6102
13055
8643
1893
10004
14384
2380
4165
13043
11064
13376
9983
5915
8702
3711
3467
12977
8292
1569
5423
14835
3242
6100
13359
12217
10679
1870
5711
10853
4170
5653
5114
7597
2045
1311
12543
9742
12281
9171
10879
1078
5203
2797
9657
3165
8377
10224
8451
12522
11822
4223
11192
14823
14876
11842
7813
1888
13987
8292
979
6273
9804
726
11633
8814
4799
2069
2916
8216
13500
588
6463
6512
6113
1159
10838
12350
7101
5944
3295
4774
12640
6191
6808
8495
4508
6929
5900
11071
8307
6874
4613
12682
259
5571
10067
4563
5767
7661
5752
1362
305
8543
5790
7703
1867
10489
13447
12987
7606
10246
860
7600
4600
4687
171
5133
3889
10104
5117
4774
5316
13796
4911
7830
8961
7846
12830
4394
2096
6868
2852
1664
3475
2137
7167
2412
2596
3685
13185
11538
10084
3566
8488
13860
6995
10940
13686
9369
7690
6019
3367
847
1434
6247
6505
3661
10141
10146
5638
6642
12708
2574
6589
4729
13253
9216
11538
2733
11826
13933
9628
2466
12896
9423
11384
6184
10404
10889
9616
2067
14513
2704
7752
2697
483
2113
15131
10953
10049
9285
9177
7248
11850
8290
4117
1754
13118
2474
5180
11823
4425
2936
9821
111
12213
823
10766
4493
4344
1356
3571
12629
1442
11723
11468
3491
4083
1707
97
1621
2156
885
1380
12177
1981
9813
4003
6792
11523
11063
8208
8314
1584
9119
12126
5567
11292
12908
13214
10116
13460
14202
7418
7607
369
7064
2915
1322
14931
5808
2636
2476
5044
12007
15117
10457
5922
683
14691
14829
7052
6832
4447
1441
13292
256
2342
1337
8719
8346
3817
13765
3042
6798
2813
12159
11591
1552
1897
2223
5183
4890
12764
6011
5090
11251
5683
251
7391
1493
12618
9820
6097
14734
15187
14366
1497
9109
3917
7959
12702
9700
12503
13342
8373
13194
5472
9758
1
11534
13965
5336
8373
2088
11972
3159
12985
10824
15251
366
8145
1140
4711
11099
4459
6538
1107
6167
11203
14023
4483
14175
5111
5126
2474
6623
8059
4654
12634
9990
5411
8841
14175
5319
14501
9562
6149
15236
13238
14918
6415
508
4507
4115
2937
6508
1943
13301
430
11544
9012
6170
10695
9385
2486
11433
9458
9276
11473
3025
4779
6411
5919
844
803
1765
7573
12613
2169
358
2520
1634
6149
3473
8775
1468
147
14757
6088
10207
13848
2075
12500
5274
1080
3959
13876
7185
6907
8795
11323
3743
7510
3948
3216
3332
12074
12093
13008
2132
2812
14267
7552
9117
1275
10127
991
12532
706
8699
4117
12524
8544
3040
6402
15256
4740
9194
1241
2884
4443
14158
10490
9356
1766
90
1303
6552
10597
8412
12463
3811
3230
215
9292
12008
10801
5610
1018
253
11367
8719
7813
103
11992
4299
6132
283
1233
4822
4856
14062
9084
12992
1493
12040
1848
6609
14664
15258
11513
5885
13002
12298
12455
9908
9032
6212
4218
12436
3199
4513
6121
1655
4166
10582
13491
13897
14415
324
12994
10486
13692
1186
10963
7357
4947
13647
2182
11796
12296
12692
4856
921
1259
6280
4848
9947
12961
7400
13281
259
13447
7887
11148
15256
13323
3924
784
5730
2298
2613
9753
9879
14535
847
10984
6432
3964
9642
7863
2572
2677
9094
10007
6687
13395
12895
14638
307
5066
11437
1619
13371
11047
1888
51
12250
11916
14122
14696
13433
5860
13400
7798
6161
4477
9831
4186
1773
3683
5946
7588
10867
6229
6412
3512
3051
4406
5185
1850
10032
2379
1118
11013
14264
10583
4092
8964
4543
5947
5844
1290
3001
9791
10700
1905
7331
10018
2282
11141
14364
14479
13092
9762
14597
1684
1085
4107
1338
9060
11448
505
10674
3576
9028
5577
9279
7061
1283
1890
1468
2672
2705
8226
1321
6860
10472
268
10594
6398
1896
841
4710
10878
11254
290
12879
7333
4730
5279
443
11559
15326
779
8363
9474
1866
14936
1734
10526
8412
9665
8930
15300
15183
622
9356
3579
11372
13843
12515
14964
451
14745
5250
9851
15604
8834
7322
76
6599
15062
3487
7659
4695
14666
3763
6235
606
11374
10224
13664
2142
3173
3288
14926
11741
14054
7677
14067
8113
4759
1329
14461
7853
14791
6997
4885
5990
6626
10743
14150
8621
3834
10001
15162
9665
5286
14091
7883
12327
3293
15229
12590
14257
8047
5047
11125
2333
14025
11466
9582
8377
14840
12424
9498
8854
8775
11100
12727
8234
13053
5871
12053
6728
4960
13001
5393
6612
10173
11631
613
700
11531
8962
9984
6516
11492
3313
10334
5192
9819
4237
11025
8529
11563
2582
4953
5625
14977
1119
13251
2572
15500
7575
9990
4770
9547
7193
8136
11792
13554
9647
3872
3273
12980
317
6297
12433
5085
7373
8084
13288
13799
3898
6825
224
6073
6359
4531
10312
14431
14895
7661
10797
5063
2685
11007
711
2785
15412
14790
1982
9766
7231
11143
10920
6267
12902
13818
9756
15675
4493
3567
14407
13051
13172
5397
5593
571
156
1914
15507
142
2658
4202
13234
246
8917
2179
12802
13050
6714
3884
3399
10104
1084
2251
5835
15312
13630
7921
10029
1024
10622
4640
10242
12723
6788
4946
10909
6264
9963
7091
8662
7065
13698
5627
12186
10943
6380
6106
13306
3651
11280
1503
5026
6626
1959
15130
6206
11609
4296
13786
934
3695
14971
3116
12679
8090
6899
3116
8079
14555
7425
1059
11032
12100
13769
8238
14467
9379
15258
13230
15539
11033
12209
1966
8535
13283
14000
12152
11017
1690
6395
11406
1748
4936
12678
9741
8422
666
9910
6243
7746
5979
7921
2668
13200
9981
12394
15065
7144
6366
1297
13749
10882
12130
2062
11526
5963
13508
13675
6560
14720
7519
15502
2998
1394
14330
12180
1007
11379
3537
7283
5017
13907
3897
12312
6154
9683
2921
5274
10483
5251
1128
6503
9433
2693
3992
2766
11590
10600
3042
10581
5626
9877
5002
15724
1005
1584
1893
4182
15497
12480
14347
273
12597
14305
9429
6746
5739
2824
3816
8740
6261
9101
6309
12383
6092
8285
13814
3846
9072
209
4320
8553
9506
7310
14015
13601
12480
10485
12583
11715
13202
1715
2036
3934
7364
8728
6426
5424
15290
13835
13590
15644
7882
6162
5967
13017
5614
11802
7888
4053
11582
11333
7269
1056
15960
7291
6231
12556
3286
1759
12395
7825
5214
8287
9774
14213
8189
8198
12453
651
11537
8452
632
383
14719
12362
13204
10436
7372
5271
8670
12797
607
