0
0
2
2
0
1
1
2
5
1
9
6
1
1
12
5
5
10
12
0
14
13
8
5
15
5
20
1
7
27
1
10
16
8
31
33
26
27
23
0
40
33
29
12
15
15
16
18
29
28
27
29
44
36
50
20
53
43
44
13
53
21
28
7
20
23
13
49
15
0
35
29
36
15
42
26
37
41
14
50
34
63
58
55
51
79
50
83
62
72
89
4
60
41
87
37
87
93
4
45
89
24
6
99
31
4
34
64
97
66
103
64
31
67
44
99
90
96
96
18
115
3
45
4
99
90
40
27
107
14
121
107
49
92
4
101
40
47
35
9
119
134
9
129
55
61
64
118
52
112
78
24
96
102
113
59
39
139
115
14
137
157
121
122
152
129
42
149
155
66
35
143
104
88
129
61
143
125
99
33
76
110
4
112
36
96
86
83
129
38
82
61
118
8
83
8
13
66
32
88
80
104
41
160
180
65
149
117
158
63
135
55
154
100
193
67
127
63
17
63
5
7
76
191
158
117
59
221
165
172
24
120
103
3
26
12
212
110
53
165
202
153
2
158
21
73
205
240
191
215
231
28
18
77
28
23
110
221
178
231
249
251
231
2
228
68
248
195
69
119
206
210
20
87
67
108
9
61
96
182
163
179
194
105
6
236
77
287
269
16
147
165
5
92
283
178
137
276
147
278
193
185
52
229
174
90
248
237
148
305
127
253
275
94
241
45
11
206
52
218
236
180
247
62
28
184
131
21
133
161
186
174
34
177
215
7
146
182
51
156
320
70
141
311
57
28
84
36
39
71
276
309
195
10
95
267
76
102
306
132
35
137
70
236
239
196
97
24
201
223
144
5
86
97
302
246
195
190
77
221
333
47
197
274
281
360
188
123
199
345
243
383
22
331
345
204
49
238
327
185
339
320
151
101
49
156
379
123
37
107
192
356
327
278
59
296
355
79
59
62
372
3
293
25
251
43
111
374
101
0
227
338
4
96
226
395
70
160
116
252
422
107
330
74
324
173
206
311
96
370
177
71
28
226
334
59
175
369
344
278
439
453
34
237
269
380
370
115
5
395
258
115
444
366
412
117
138
289
425
452
441
158
478
114
389
363
82
410
168
354
56
223
272
151
319
235
96
404
482
213
194
76
199
76
290
357
365
101
166
63
171
12
40
304
371
184
502
476
344
366
64
392
69
198
248
192
269
412
227
348
292
409
187
506
32
203
63
21
92
225
102
248
327
300
462
235
534
120
484
321
81
229
127
372
111
356
191
529
69
433
31
191
272
160
116
350
198
371
88
421
177
177
233
271
233
95
84
56
465
201
104
239
407
303
421
552
495
37
172
97
26
416
420
408
315
220
220
151
42
339
302
244
3
148
557
257
378
187
161
37
216
296
291
496
107
262
439
294
561
49
275
70
185
102
64
244
521
89
31
261
258
290
414
124
576
394
110
130
114
433
593
177
349
454
169
297
86
73
100
441
340
588
53
358
432
556
548
58
215
391
459
462
19
614
116
663
182
593
180
209
426
502
641
333
257
377
211
61
628
484
188
525
505
306
591
434
174
320
295
660
622
488
308
230
639
143
246
485
152
186
474
589
420
590
246
389
605
156
59
401
245
355
326
503
493
564
169
507
557
356
607
591
557
321
430
15
576
422
580
412
534
20
121
525
354
728
642
670
735
146
237
686
345
662
76
500
296
350
2
641
750
29
504
276
518
107
744
738
156
334
203
383
491
663
479
495
672
12
692
332
263
1
726
757
133
462
571
315
16
444
576
511
35
128
723
573
59
315
475
519
105
781
788
153
13
268
558
287
341
140
672
620
462
317
648
217
103
261
49
455
715
485
322
663
162
655
12
513
500
752
506
698
661
779
219
473
338
115
50
593
802
4
451
95
746
741
667
295
5
557
128
86
481
25
220
131
484
18
739
50
849
832
319
129
559
217
723
840
721
617
341
101
671
649
211
380
113
402
665
45
560
339
843
718
65
191
38
137
667
480
565
130
395
334
779
733
9
94
38
430
337
588
520
389
273
212
13
580
185
556
123
498
220
888
725
274
484
340
377
417
151
484
482
192
475
896
228
362
556
700
863
643
97
706
242
153
219
308
338
247
831
380
36
869
733
783
295
270
661
10
273
743
84
902
793
175
181
330
596
341
917
920
451
33
698
631
194
936
811
103
432
311
948
220
629
44
117
647
191
459
802
465
599
212
20
675
129
658
407
641
470
145
883
880
1
654
438
574
317
839
517
722
77
126
971
754
376
340
814
453
462
880
692
520
561
681
407
73
840
458
93
706
151
495
781
364
1009
280
828
1001
200
294
482
226
949
280
36
542
736
445
388
1026
99
598
345
455
207
1035
703
733
611
911
112
728
929
64
861
866
726
418
847
220
294
366
511
828
892
725
165
364
50
525
198
985
1042
998
440
535
798
247
365
1016
25
212
570
869
624
731
115
79
411
7
687
840
146
586
244
220
572
39
606
550
612
1035
71
796
791
1019
739
287
497
128
505
197
1034
852
122
371
579
1033
1032
363
434
232
299
560
825
284
769
474
733
455
786
577
18
901
380
310
207
313
1038
1025
394
55
186
567
324
27
689
1027
352
125
963
62
214
510
1021
1064
297
173
1053
232
144
780
1070
212
640
780
1103
1138
175
267
658
737
740
104
940
811
8
885
409
338
1073
685
703
324
33
942
843
1086
300
587
347
46
33
611
1056
334
717
913
1030
448
142
556
598
1085
705
267
76
639
529
204
869
271
325
1053
777
1083
914
151
8
12
758
291
337
124
1049
913
477
837
401
55
1107
949
535
1185
796
74
1040
1112
1206
168
709
376
180
836
163
304
51
812
472
1029
1116
847
776
796
593
524
481
454
171
376
757
1151
1101
930
1031
397
1145
111
1224
887
773
879
588
506
289
907
877
675
618
537
847
179
434
813
1066
819
338
644
362
684
717
983
706
1165
1274
1128
8
864
1119
544
241
50
1026
1190
76
999
607
861
1164
895
1266
1015
680
499
1092
425
554
90
1008
67
1191
517
15
556
855
1223
1010
1002
957
334
1145
670
1167
693
782
783
769
785
168
1105
1307
536
650
416
644
703
388
130
1136
265
1170
894
317
995
1034
406
1338
282
1096
239
171
913
307
1143
1283
22
475
448
733
660
1324
896
1202
467
0
38
187
788
970
741
352
950
1196
240
357
684
1089
440
884
1144
203
614
901
548
841
806
617
615
982
1282
465
1037
883
111
179
925
71
991
161
893
746
617
737
20
1100
836
507
124
758
1085
36
461
684
151
411
809
171
977
1078
257
1389
942
479
538
95
647
831
1153
615
212
241
254
686
696
515
815
235
1163
665
807
1155
287
161
1139
1429
853
96
682
498
2
717
498
443
1190
160
42
107
196
1067
621
432
563
700
1098
70
1171
1383
144
473
708
718
1029
96
798
535
296
228
163
1231
794
533
742
1190
50
1161
1478
652
1248
1090
1387
794
289
14
1212
683
115
45
1474
225
118
259
672
1455
1145
299
1382
41
227
211
634
1474
448
840
624
1443
802
1409
1469
1292
130
1059
1019
1062
1503
450
1132
785
980
533
1530
846
242
363
331
433
273
1064
521
912
1242
1522
895
1435
26
643
1008
817
382
947
724
1445
291
1119
1283
122
500
1211
60
844
771
677
586
949
744
1238
925
233
616
284
976
1099
372
47
392
1100
1532
272
1168
1409
1027
424
913
1505
633
1211
801
500
37
360
1488
263
1195
1360
251
1112
540
1167
546
410
1141
795
136
1476
1450
1582
1313
1282
371
198
472
1607
1136
1086
65
841
1046
1422
430
1462
1066
544
523
870
213
601
341
1058
390
841
284
44
529
87
692
1178
558
630
105
170
1407
332
733
111
156
121
1596
72
991
118
881
1148
680
706
152
1533
1220
801
1133
901
1262
174
1115
1291
1380
1101
25
1489
316
1148
1477
1441
403
1266
1441
1124
850
149
1322
906
375
1256
531
144
1682
812
1572
827
797
1440
710
71
965
584
630
1676
1552
133
309
1401
1575
28
1422
1406
1659
147
33
1140
1539
744
324
402
1625
1689
611
1446
318
369
751
714
1342
1359
1288
1089
877
254
1658
1337
564
238
1000
1202
73
19
561
645
1173
758
1536
1455
1165
1288
745
353
974
1552
1546
227
876
327
1204
1523
201
1565
1727
352
1749
80
411
1509
987
1074
1224
1069
620
203
1055
447
108
937
332
1768
884
1408
1203
880
933
44
1009
220
1304
953
164
253
756
949
1673
1511
18
790
996
1
1218
1285
122
383
1763
479
1578
980
958
305
679
232
291
356
1377
231
1537
216
424
131
596
601
1666
8
1222
1590
1164
335
545
1380
186
1061
1558
763
1002
435
1268
1733
1828
1670
754
379
913
1331
1115
115
180
434
1380
1153
8
198
571
1187
1652
1382
396
468
627
962
314
1722
737
1250
1023
523
348
1405
1043
569
158
631
1834
1330
1180
1136
692
969
1780
1506
165
1205
411
859
489
1253
707
1200
135
828
647
1797
1118
98
1122
1691
910
1125
227
268
966
1522
1371
1338
833
1493
1090
603
1578
1724
465
549
1711
1022
1309
1587
1682
1457
2
745
1139
96
1629
839
179
660
1579
1583
835
398
346
217
1514
202
1838
1184
1917
1846
26
416
85
1126
147
1090
1562
1720
184
1099
456
438
652
1157
912
1283
705
181
574
1736
590
1700
1828
578
623
1729
244
1788
1333
1875
370
491
1226
531
85
455
272
334
1923
1343
1200
347
590
1029
196
408
1690
386
264
1442
203
1554
445
931
572
1970
393
335
911
1514
1461
594
776
265
59
1345
332
1413
561
1280
413
1378
705
1478
1909
1035
1651
1934
1069
372
178
228
456
950
1646
898
231
767
1399
510
35
1774
1668
1932
1417
856
357
74
914
1841
644
1301
1343
1599
1826
863
663
905
15
1320
200
1356
464
806
1083
1968
2022
1973
1346
321
2035
952
23
1180
897
1024
81
1541
854
955
141
703
1551
263
1385
1473
1845
560
910
1141
1460
1832
1828
929
377
176
1130
1722
901
1331
1454
1007
592
505
1280
2030
1917
907
1226
740
57
131
678
1023
509
406
1044
1925
903
1243
1699
2092
1560
158
1325
1601
784
144
1810
775
929
786
1168
2011
373
221
1463
2095
1490
2007
235
1043
2118
1373
1282
1992
1993
417
307
646
1290
445
936
1178
2113
424
696
494
185
1605
537
1574
2092
881
291
1872
1726
963
1775
1591
1974
461
1215
473
1359
589
257
1555
1376
509
512
1493
973
2147
925
1651
478
1700
1014
553
1567
915
1868
67
2154
1698
1904
1940
248
1772
475
486
1910
658
2004
1610
1192
487
1345
1633
940
109
662
9
1557
2189
1213
602
1359
1321
901
666
1781
1110
2132
2138
1131
1890
1414
571
1211
323
909
2165
2097
1655
101
402
820
1639
669
84
1327
600
924
1940
1139
414
1684
935
594
1562
941
2088
916
125
284
600
719
1900
24
216
572
172
714
1926
1822
1473
1109
325
192
894
1251
1631
171
1492
2197
781
842
218
825
316
661
80
734
2140
1258
414
752
2083
1219
1080
2032
2067
441
704
869
637
380
1306
2133
1306
1392
2131
448
631
144
314
2212
1618
1161
1371
1446
577
1360
1107
2143
1618
1639
1118
356
2050
194
213
735
954
906
833
2256
405
1075
598
2076
179
2223
122
2116
1113
2083
2178
643
2101
1001
1105
2069
516
674
327
885
1268
505
401
761
1728
341
1858
1751
974
1697
745
2129
527
124
379
1004
212
1653
2251
1722
1232
1864
274
1741
38
2269
409
1188
73
266
1421
105
2218
1229
1395
1389
1971
666
1074
1243
1007
2272
2354
919
855
650
937
1803
739
369
345
1383
1780
577
519
1567
740
1131
614
2185
1053
433
389
1156
348
936
993
284
1004
60
1878
107
772
304
1032
1437
1975
1113
261
644
532
1974
758
1008
1615
1221
1603
2200
202
1876
1786
944
763
13
61
1194
1540
1691
2301
1114
1230
378
1745
2146
1760
91
1661
897
2202
1984
829
872
1918
4
92
176
2391
384
934
1809
686
2332
1587
1397
1358
1072
462
1699
405
492
1426
170
471
556
1909
1507
1079
2425
1433
1726
429
1988
189
1034
1376
1027
310
378
1715
1016
2432
1481
1097
1806
351
1953
547
2190
941
623
2228
1743
674
2106
826
1979
1609
2188
2315
741
1070
332
847
1364
1687
187
684
549
2422
625
531
721
1047
2186
223
620
2282
485
850
2404
403
876
2219
1762
2304
2123
654
1073
882
669
317
1031
1877
72
209
259
617
2497
1684
936
1558
2487
219
825
2253
1463
1093
2525
731
454
67
1598
1287
1176
260
1862
1202
1907
1285
1704
587
1613
592
834
1220
2099
1297
2295
2400
2560
586
93
292
2408
1820
2291
1551
126
61
140
1592
1452
1100
536
807
2363
1089
1529
2563
267
2254
1190
2342
1436
1394
1652
1915
207
1334
84
2543
2134
1627
1886
2138
1414
1554
2162
227
1966
2112
1173
555
2031
865
269
1276
147
1238
601
2513
840
596
1189
355
1352
197
549
22
2331
539
906
1560
1897
2568
1205
312
977
1994
378
2551
241
1606
1271
2538
2057
1307
2468
648
134
543
1524
1447
2647
1216
2209
1141
2506
500
20
1175
1771
2317
1469
2031
1857
1234
570
1195
1624
2144
678
1384
1452
2349
880
2233
1493
2207
1558
238
584
2002
2023
1322
1888
77
302
1509
2591
322
2232
113
1228
2379
1989
684
860
1245
712
901
1882
474
1177
1211
1133
1031
1287
347
695
2654
116
2469
12
1315
775
1730
119
2170
2289
924
2526
2192
115
14
1534
1055
710
864
2083
95
1317
893
1374
1909
2547
718
584
2558
999
227
628
2040
276
366
1760
725
1949
1510
531
1927
1876
2721
1874
1682
60
1965
2157
1413
1548
1223
1052
1841
2281
541
1426
569
968
2220
1330
633
1769
137
1859
2532
2635
119
1388
434
2368
635
2500
471
598
2263
2228
1094
1580
158
1539
1664
1747
1299
2173
544
1342
1447
626
565
2402
1780
120
1537
2518
325
2195
1518
2334
2446
1784
2373
370
1399
21
1744
785
1910
2758
2113
1529
2590
538
2595
1254
1617
1358
2264
2265
1888
2140
1723
1267
1445
1222
1691
1752
2629
1949
1629
1255
1815
1501
174
115
2606
1845
1178
919
2645
120
796
2368
1907
1192
1319
1989
878
2024
2556
2638
2685
1496
1095
300
797
2258
1394
2834
1291
2841
1221
34
1241
2254
1894
2571
108
1856
1511
1157
386
386
201
1757
557
1443
2105
1576
1297
1822
718
1295
2758
2377
2527
2302
2634
2572
552
1349
687
1186
230
2265
2513
1038
202
660
264
1849
1493
741
138
585
2290
54
764
2275
1472
1703
649
456
1996
1383
2085
1117
91
1150
2853
2436
747
2259
1432
459
199
2598
2134
2521
1006
1560
1575
1687
233
1367
1172
1578
1877
2054
1870
1376
560
1722
1908
863
2539
2626
2909
1082
1502
2269
1905
1696
2806
411
650
843
475
2084
1318
2398
167
2742
982
1330
1311
1074
1097
1676
626
191
2910
169
2126
873
1912
336
1017
1569
1127
104
2319
50
1502
1522
1323
2564
1854
152
113
1576
396
784
1289
641
1133
412
732
2635
2484
1276
581
1385
1808
1616
2874
2086
2715
219
2625
723
11
2854
529
1859
1144
1088
380
2632
1310
2616
301
2003
2729
1433
2318
1474
921
167
1817
2554
2930
735
1287
49
2410
715
2820
1317
314
2516
738
1952
108
914
351
859
2101
1173
2792
2959
2596
69
674
188
595
519
346
1428
278
888
1140
769
1643
1598
245
2630
886
2141
203
3044
2349
694
1068
367
1963
654
1830
766
1973
952
77
87
511
154
2961
2942
1849
475
2022
2740
3061
550
1705
1021
2945
3067
2426
662
313
2607
1057
611
2415
1338
2052
2931
2656
2395
233
4
1474
1585
2792
1694
1383
1037
102
2478
195
2393
1396
2822
1954
2123
2249
2016
1571
1778
83
1879
315
2260
2671
446
157
1493
1812
3078
587
2794
441
197
3038
2278
1870
2611
1403
870
2814
1353
1978
3022
1352
1588
3099
1349
2689
351
1060
351
2042
2830
369
1613
3082
3026
853
2280
1988
912
2925
3071
1812
2921
1004
2692
532
576
2223
1973
890
844
227
1789
462
1376
862
2236
1931
292
807
3007
110
1271
2050
264
390
1946
3010
852
1983
433
2852
939
172
484
3059
229
3057
2096
1186
2513
111
1303
304
2897
861
1827
440
2588
989
3167
1359
44
2363
1613
2277
673
2000
2604
2423
2808
1050
7
1880
697
1942
2292
2906
2893
2435
1339
2456
943
2333
3052
1945
41
1004
2151
587
1622
2343
1593
1321
1021
1557
2139
2338
1775
1826
834
1965
982
2708
2575
2627
980
1903
142
1712
2269
360
3253
631
388
2419
159
1727
1333
1164
2521
1595
2826
2592
1893
465
1347
470
17
3011
2046
726
2419
3207
671
2647
1275
3282
3125
149
2347
1189
2607
580
1771
208
789
1770
675
2143
1056
541
1614
1313
2633
788
2169
640
1837
368
1375
983
803
1784
2826
633
856
916
1230
1314
856
1402
1281
459
3066
1015
147
2616
239
2171
1907
1075
1100
1335
3286
2365
254
347
1695
1259
2328
105
2273
375
1049
2014
1874
2038
121
35
176
2120
72
1077
1797
2952
2781
320
582
1375
981
2891
1948
1251
1835
2175
1686
2989
1365
1243
1399
809
1658
1747
2805
402
2224
760
1900
1470
199
2763
2143
2001
619
582
2445
268
365
788
1312
3253
276
3325
1753
1047
2987
1427
2274
3407
2052
978
225
1861
762
984
3183
3081
140
3139
448
688
3242
2300
2615
825
1420
2848
621
2450
749
7
3239
2907
930
1511
236
137
600
2062
269
638
3363
2529
1211
1526
1791
1267
2556
273
2650
1677
1529
2864
2765
1096
1222
753
1597
993
2844
3272
3272
2432
3141
1894
3465
343
2020
1683
740
3426
2489
2231
567
3047
632
3410
582
3302
622
1354
2919
3026
2913
1720
2649
1372
1948
3243
1074
888
1107
2638
784
3248
457
3148
3339
2879
1882
1559
1209
1880
29
847
1397
3316
1616
794
1887
2813
2478
785
2798
1235
2644
1660
1729
644
2129
1650
3159
3074
989
1985
1379
2188
448
27
761
3043
1290
397
1917
733
791
2137
1859
1209
1701
1417
693
3217
2229
3168
29
1334
3482
2082
1358
75
1077
2165
1493
2802
272
2180
780
1121
2815
1240
1431
3564
577
3550
2250
1616
1620
2408
3312
3326
2569
3261
1742
1916
1878
471
2513
2266
2851
836
1418
3069
1325
2095
198
2610
1017
513
2348
552
878
1143
1341
2717
3092
270
1160
1204
2442
2448
1792
3397
2648
3363
1670
2027
946
2090
90
328
365
3322
1494
428
691
206
1582
2919
967
3377
1915
3518
1766
2147
2704
3530
2271
3554
1361
3458
536
1074
2920
2628
2612
837
1166
1532
2599
2052
903
1592
1327
823
768
3248
108
1072
1008
2170
3204
1947
3100
3368
703
22
1606
2829
1384
1278
886
894
2634
3393
3638
2349
3321
3359
3383
3031
1336
3283
3276
2250
2813
2847
2479
2283
2623
3360
779
2162
2918
671
2467
811
1249
1695
1594
692
3433
1789
2462
643
1215
1506
2264
531
3439
3282
1922
1954
1734
3508
2265
3579
662
3051
834
2853
24
1521
627
2323
3718
2265
2380
2885
3254
3562
3649
488
1056
3082
1628
753
354
960
1014
1254
1421
2839
2515
830
1158
3199
3220
2139
2650
1911
1467
3176
2791
2720
2157
47
2039
3570
3083
1840
1406
1699
2380
2318
1457
392
1287
3656
1959
3077
2552
3478
1161
409
1131
194
1929
833
2469
3677
2628
1660
3530
1602
3148
1531
608
3192
803
3453
1220
182
1602
2850
2611
2272
2313
1952
906
1549
1799
2960
2931
696
1652
1684
2283
1843
3121
413
1877
2098
832
2143
889
1213
2961
2126
727
3161
1509
791
1957
505
1874
2665
3129
1516
3421
2244
826
1867
2737
3462
525
3387
3301
688
3285
2285
1719
2691
583
1778
1155
3846
1393
2519
3848
191
584
2637
670
2203
817
2885
1282
2505
97
3205
1330
1053
3852
250
1202
904
3520
477
337
431
1490
395
2054
2749
1808
632
3604
1968
2181
3231
655
1849
888
3880
2994
2377
1257
2105
1585
2970
1231
3669
920
137
2927
3469
3079
1942
2086
3384
3620
2430
514
2803
1537
3171
3080
514
2514
3499
2043
3189
2348
823
335
379
3301
337
1799
1329
1223
2735
3458
1590
2981
2147
2974
898
1915
1130
837
252
951
3673
2156
3239
1881
2373
3143
470
3877
2397
261
954
1219
1918
966
1532
723
2610
3392
2168
2543
680
1491
2683
1859
2738
539
1182
2383
3444
1847
434
3927
634
3954
3926
2589
1956
2744
2814
933
293
204
1452
3142
3367
2164
159
3905
2483
2847
2799
2177
3472
2086
1969
3297
364
885
3315
3269
3456
3307
856
443
1730
1778
136
3623
1255
1583
664
230
3103
1431
861
2316
1361
1919
214
1443
98
3158
3285
232
210
1150
1604
146
2427
690
3940
3487
1136
2747
2346
499
384
2008
1380
2787
2312
2899
438
2858
1096
3146
3985
2004
821
3218
1216
2467
809
1388
76
3971
2104
877
656
2091
949
2356
3459
549
3289
1091
2950
2093
3157
52
1446
1568
3279
1253
1530
3099
947
1718
1210
850
630
4061
2036
3200
2234
3573
2301
3918
951
664
1495
2557
665
1722
3306
3415
3932
2477
2937
835
933
1944
2735
3426
3341
3630
2377
384
2864
2829
1005
2731
2942
1373
3135
3192
2377
3863
2669
2842
3233
2350
2833
516
501
638
2821
2880
319
425
2094
1547
2331
3050
910
466
1155
2840
2458
2155
1225
3360
1005
3084
2739
2501
1170
121
1228
2229
3582
1712
2488
2501
926
3431
3269
1354
2598
2736
2622
4092
2876
961
1938
1851
1505
1336
2217
661
241
714
1518
477
212
656
623
2841
2262
3589
992
3363
3198
3947
3924
3909
3748
2229
2095
3839
227
3789
3584
3193
2332
4048
187
2829
1591
1742
2967
746
3294
2833
579
2791
2852
2301
1563
3747
3332
3750
123
3866
2202
1689
1414
3884
2707
3271
390
50
1915
1943
1013
3496
1645
2739
2610
2398
1637
2704
1092
1458
624
3225
848
2691
862
671
4145
3011
2180
345
2807
2830
1882
3741
3316
4202
1888
766
3559
3190
2542
1774
1095
1454
2280
3455
113
3191
2102
2754
286
1355
3128
1641
743
2071
3757
2306
2443
2277
659
738
2213
2418
2612
4176
2654
4129
4032
2261
46
2562
1157
4041
3527
2467
4282
1127
80
2446
2915
2142
2411
627
1262
571
3101
2119
3673
1342
3961
3456
368
3050
3317
3524
660
2936
1020
2458
3054
1494
4295
3696
138
725
3068
3503
2677
1763
204
3183
853
2419
30
4117
2547
68
3087
4124
1485
3155
1326
3976
544
2025
3999
3779
120
4031
706
99
1163
1603
1410
1607
1497
523
3555
1338
2020
635
1476
1917
510
3985
1146
2508
3448
1569
1630
2003
427
812
2782
3972
3710
2935
233
686
92
1407
1116
2667
3931
3505
3649
334
901
3267
2621
4150
3914
3321
2704
2996
1880
2583
3460
2676
3762
2303
4130
440
3058
2406
2315
3643
3723
117
425
2677
654
4337
1136
1714
3382
3067
811
2501
1836
4112
2191
1146
2697
4237
516
3992
1901
2988
919
3165
480
621
2079
646
4097
1248
3218
1919
2360
1173
2230
2862
2603
4078
2952
3906
3122
513
1962
1399
207
2313
864
1475
80
675
88
2654
54
2697
3467
3164
1541
3929
4269
3066
2908
1417
544
142
317
3080
1742
2527
2529
2432
4133
4328
2363
138
4382
2769
2218
720
477
2371
1949
2039
3162
1342
2945
1720
484
865
1568
2757
60
4277
4328
1324
3516
2049
4124
1310
4329
2186
617
58
198
2918
4468
4175
1264
2802
2427
3641
2388
2608
3425
430
4383
1109
3562
2495
3827
2253
464
1591
719
960
2634
537
4021
899
1377
3478
2130
147
694
811
1974
4285
4160
66
33
4421
1877
1010
1172
4270
2136
3922
2206
2163
1806
3874
3995
511
4255
2906
1149
3730
683
58
1232
2956
4058
4528
2904
281
2977
2851
2020
1588
4502
3616
1265
2706
3523
1738
526
1915
1988
2538
2212
1524
565
129
4237
4453
2102
737
523
3501
4358
2334
2813
4219
3141
15
649
3712
3845
4391
3351
4452
685
230
2645
4292
4416
2953
1022
4414
1081
3691
1451
4440
2770
1691
4146
2351
1939
3977
1199
668
2754
174
45
3562
2639
2567
4300
3237
3259
1357
2641
4454
44
4586
1302
2199
2955
2726
3008
2137
3358
2171
3547
2083
1188
2713
4142
2477
1290
124
2747
3088
3938
3090
151
495
4470
1160
1531
2064
3692
1957
772
4334
1781
884
1592
946
257
987
1905
1520
1343
1872
4495
2644
3267
275
1211
775
4193
586
4175
3150
2414
1579
2438
3131
2297
2579
1779
2175
1431
3460
1008
863
554
1066
1533
1303
2026
1197
772
1136
2255
70
2053
1444
2321
3254
2285
1076
2606
4359
2475
4651
3105
4647
2182
889
1164
3729
4292
1131
3499
2207
307
2469
4632
103
1421
2918
1793
2567
3156
2351
2841
4091
106
3456
2250
4116
969
3072
2929
4247
3459
4013
2138
1229
3935
3253
2575
3879
307
4003
4183
1583
1231
2624
731
1032
2989
3809
984
990
519
341
3241
1883
377
2319
3666
3402
921
3675
3273
4444
3636
303
1661
2405
2098
2579
4490
588
3460
2578
317
4550
4760
3232
638
322
3926
887
1386
2976
2879
3384
2429
1358
1686
891
844
1431
4633
4597
938
2512
3159
3537
2737
2703
3855
359
844
2603
1352
2592
3477
2295
3888
656
1014
1245
3194
2667
2138
60
725
3165
4782
140
2865
3240
3528
1903
1346
2739
662
2212
1520
1748
116
1818
3084
3880
3027
2870
2746
4260
2704
4199
1886
2337
791
2337
3357
4121
2693
3001
906
4664
1548
3418
1194
2463
3955
669
1278
793
2582
4694
193
2450
3798
4490
3286
833
4849
4499
4346
4101
1857
1428
1249
3674
736
3080
2651
2839
3497
239
3221
2565
210
3235
2998
1693
3160
4493
1517
3197
4416
2331
2109
3211
297
4776
4846
2686
818
2359
2049
2304
1677
2860
122
1706
3723
4233
2721
11
2467
1695
4870
3404
363
4734
3287
4858
1786
388
4106
3369
1117
4729
4916
1130
1727
3706
3400
1299
2946
3212
2238
3523
3919
4419
1596
188
585
2131
2650
359
4421
518
2920
50
2419
151
3158
1814
3656
1085
1819
4446
108
3832
4255
2755
226
2425
2645
4431
770
2721
4406
1467
3695
4229
1471
4159
3508
4745
9
217
2624
597
3383
2357
4200
3333
4101
1932
2788
2660
986
3624
1282
272
2265
4551
4212
251
1694
499
4426
4623
2201
3247
1006
1118
3498
3643
3336
1509
1045
4643
4703
1109
1550
4376
690
152
496
4846
609
283
4662
4062
2232
998
1670
3378
4179
3645
1311
4019
4405
3623
729
4622
1647
3823
3686
1629
2982
932
671
2394
4178
1511
4353
3172
2380
517
3251
544
4554
4686
3888
2821
3890
931
1327
1417
4985
3354
2842
2934
2258
1652
3243
1007
930
521
2954
2213
2150
2079
5079
2183
4352
2765
1391
2036
1117
1848
3514
2926
4521
1774
2864
1235
2135
4278
69
3822
180
2622
4053
1305
2820
3136
3593
2208
2306
4299
2936
4406
1708
1935
3152
186
1465
1352
2199
3097
4454
585
395
3235
1854
2038
589
1902
731
719
3599
998
1898
3253
1718
301
647
3456
3487
2859
1458
2547
45
252
1760
605
2823
4792
2980
4639
5098
246
4794
1500
2341
644
1635
4957
1825
937
4110
4930
3523
2848
4720
4806
4319
1103
2986
1856
2900
2610
3467
4899
4634
72
2733
4416
3924
4667
2595
728
3569
2143
3099
2127
737
3348
2818
1114
2258
1255
4174
4401
2884
3089
2871
3728
3286
947
2188
3461
1474
2874
3405
490
2199
1621
2977
3460
4460
1757
4521
4897
1094
4650
3089
4847
3794
1447
2558
2144
1504
2219
4264
981
3851
2764
3154
1127
1510
2670
3951
2983
3573
4031
2962
189
4606
3699
3054
1355
764
34
207
2710
1425
1283
2208
1829
3165
4924
3162
467
5124
3178
2127
4834
108
907
3277
150
4326
4371
2011
4465
2191
1157
3024
2985
749
506
559
920
4734
913
5060
4497
2375
4157
3156
1889
3951
2667
2983
2680
4984
3170
1571
1785
3508
5058
990
702
2250
4098
198
2220
293
4197
2754
617
258
819
3361
1136
802
812
4074
1928
4936
3365
2830
821
2219
366
722
5037
3911
5212
1059
2198
2981
3947
3943
5026
4902
4540
5044
788
1756
2915
4427
4816
3228
3779
4390
3815
2310
2846
2078
3109
4599
3812
1853
2155
3412
3912
855
3030
2341
936
3295
4735
1495
4240
3236
2169
3465
3017
5059
1862
3520
1961
927
4195
3200
4806
256
4824
1581
3056
2827
2815
2510
1414
3863
2014
739
2168
3725
3684
3349
2651
2634
704
4984
2374
3711
3510
854
4212
2515
240
205
4302
1531
363
5135
5313
76
250
1319
5056
1695
2675
888
3835
2723
1510
4122
3153
3278
2870
2997
127
4535
2785
1000
1264
5019
2760
2234
2885
1591
3637
524
1408
3812
1648
1040
1459
1235
4651
730
1724
1572
1103
3586
4539
3586
1832
2206
3043
321
2082
3895
4034
3287
1462
5124
628
1979
4740
1506
2189
4247
3190
3211
2664
3590
2433
724
1958
1265
1519
1819
5148
4730
3594
1877
532
4756
282
1965
3264
1827
3695
5084
255
548
684
3847
2057
3459
5134
4835
1107
2567
3327
1741
1311
995
4857
289
2381
2900
216
4895
191
2375
1201
3570
3601
1569
2662
4702
4656
3207
5429
4246
5225
3818
858
1805
3532
2370
4841
4512
4618
3269
5427
5504
894
3104
4464
1506
409
894
3296
3315
2710
4020
3215
1492
2943
1964
830
3112
682
2908
549
4842
473
3251
88
1703
4567
1496
4513
1822
4519
5077
4428
1598
4109
5497
714
143
228
1007
238
4469
1235
4615
4597
748
2654
1731
3367
4385
2294
1854
732
2242
3098
2454
5190
2437
3453
2879
2735
2732
3103
994
2511
2457
1823
4873
1975
3352
3668
4076
4961
1380
5056
4461
3741
5336
2142
4786
2702
3335
4902
2567
1623
3691
2660
3465
2655
1456
3171
4209
1541
5407
5077
5397
3016
3479
5328
510
981
2319
4518
2803
1645
3687
4816
1206
1983
4633
3888
3552
4322
3482
4409
1098
3575
1135
1836
4030
3785
201
427
119
1099
5531
3966
5539
5291
3293
2692
3350
1299
2002
2055
5327
3925
2884
1983
1398
5099
5529
843
1067
4900
4727
3576
3232
1217
4376
2612
1635
1193
3194
509
1136
2009
568
4501
2645
1603
4080
2884
679
2107
516
1383
114
4301
2468
587
3415
2274
4383
4762
4066
5433
3752
4736
3022
2762
1605
1566
2570
1724
1224
2268
1244
4524
1150
2906
1720
4551
4558
4810
3611
5662
4627
3389
3667
2636
1802
1073
4094
3714
2564
544
994
3559
1036
2879
2122
815
1763
849
343
550
3016
5270
2354
3642
5226
212
5702
932
12
4121
4334
2609
999
861
5305
2746
4956
5315
2766
3153
3873
3428
4152
3799
1623
5088
4362
4746
1027
2517
4348
4334
3512
2283
2743
4265
2965
720
5079
2752
3075
4837
5635
3612
3113
3850
5037
5631
2083
4010
663
1023
5671
5543
3719
5228
3957
3370
1228
1897
676
1123
2997
588
2672
2935
5619
5642
3061
5531
2272
1680
2828
2759
757
1905
2712
2705
5687
5793
4901
3668
5409
1978
5156
3738
5559
2332
4516
3434
711
5610
5088
4912
5829
4306
2575
637
3819
4272
1086
2686
3942
270
5057
4538
1861
3685
5445
2816
1893
2287
1383
1931
151
704
1674
863
2461
2905
5767
4356
4010
772
1457
4917
3119
1320
1473
2388
4001
5340
2385
2052
3637
5663
247
3622
381
2462
289
451
1759
1385
3353
1758
1721
4294
5422
4577
546
5017
3017
2378
636
753
3508
2533
4674
287
428
2661
3753
2790
618
376
5680
1883
4874
3751
2436
1177
314
2970
4196
4653
4960
3353
2068
1146
5890
504
2282
2276
2657
3322
655
1501
4111
3990
5362
5806
4475
4615
3015
563
2837
4230
1223
1104
5090
1144
3152
3549
645
2546
2352
3252
4579
597
3599
5566
3459
3699
1326
2509
3505
3254
2554
4687
2994
647
363
2739
285
5067
2810
5493
5368
198
2597
3497
878
5023
3884
1025
3516
5812
5914
1246
1396
5874
3683
1725
3559
2504
4374
4422
391
4312
5170
5119
2379
2161
1743
1569
2274
3799
2320
3224
1399
2513
194
307
5258
1018
3773
446
5840
2108
3744
2868
22
3600
1889
506
3364
5107
3980
5250
5919
5774
1792
2720
1129
2225
4795
1766
6004
3480
2199
3455
4404
1183
5841
2801
3110
4744
763
5463
1338
5074
5562
1526
2667
2539
2010
1900
1700
1340
3206
2252
362
5694
662
2892
3310
3386
3729
1542
4059
5730
3116
1110
5686
1756
4668
45
5129
2644
3489
587
5248
286
1380
1150
2725
5693
993
318
2453
2291
2494
5355
234
5335
2210
2425
5048
2727
544
1440
3366
3462
5115
2591
3329
1518
4688
878
2660
649
5667
3531
5826
1964
5294
6008
5028
1197
5061
5058
1071
5878
5810
4464
1304
4460
3689
1044
2319
2234
1068
5988
802
4758
5811
3505
1331
1604
3661
2928
1685
5314
2595
1333
1872
6011
4095
1870
5838
474
3698
4095
5421
2254
5995
5370
4249
2195
3975
4136
3064
3555
4058
2283
5680
2834
4426
2953
1184
80
362
5248
5916
2347
2864
6123
4812
4733
5190
589
3699
4715
2513
2723
4438
2986
5800
560
668
5839
92
2225
4235
3973
555
4706
4049
3805
4056
2376
5399
4098
5762
2470
4491
2001
1715
2442
3685
1444
393
1035
301
3946
5394
4022
4375
1756
2625
5218
3007
3995
117
5681
1887
5970
5802
4877
211
1914
210
2886
3589
66
5589
3962
836
1866
2481
3907
594
5247
4328
1495
5768
874
5151
2519
1858
455
3185
1265
3121
5585
5960
1155
2356
2857
3078
603
4294
1715
3241
3270
6115
2515
2915
4650
573
4394
107
3845
5679
1319
2363
3632
3981
630
4716
5082
3365
4064
5386
1078
407
4299
5660
341
3116
1467
2562
1875
4514
1701
1261
3144
2047
1159
4218
2488
4031
4850
5031
627
5905
5429
1421
1854
4431
2483
5645
2376
306
6279
4018
2116
1113
5398
4140
3465
5908
5334
5350
3385
2617
4848
1771
4838
2086
4777
5030
5243
4790
5685
6075
4865
5236
5634
2253
3623
4146
246
554
1291
6182
6064
2405
3587
3264
4013
5864
3441
3402
1694
748
3446
4828
2206
5381
4509
5114
5922
365
3478
5717
3384
4684
4733
4660
4819
4452
6166
1375
1103
4824
2534
1981
1235
4191
1989
932
1088
4636
1586
5844
5240
4498
61
2095
2488
3404
6307
1039
908
1573
2433
323
2541
2170
1006
1902
3780
4933
2125
4424
5615
1177
160
3885
5826
235
4840
1379
4917
247
2873
511
2188
5470
465
1130
425
6072
5515
4181
1488
413
1972
5330
2997
2903
1873
4985
402
2213
1715
5860
4987
3701
1872
75
3901
5253
3227
711
1474
3917
4476
3657
5251
2836
914
5664
2489
532
1866
1040
1359
4484
2388
3928
4131
814
4039
5995
1810
4242
626
3743
112
3520
4787
4181
2020
248
5184
3854
3922
2267
2808
2153
2471
2578
3507
5156
938
4310
2530
1249
4597
1856
976
1127
3669
4305
6036
5288
2597
4514
2783
5157
262
4724
629
2302
3222
2929
3593
5510
1168
2453
2186
3073
3658
5426
2682
1989
4282
4735
1677
6022
1227
2435
4253
1651
5181
1461
4299
6297
819
605
2732
1917
2876
4839
2229
5669
3638
3958
438
4038
1325
3133
4172
1928
2512
4523
4847
5386
5961
303
6476
6299
2421
89
5510
5311
6307
557
6285
1043
5214
217
5900
888
2063
6044
2643
330
2605
3113
1801
1905
5222
3062
3242
2335
3658
6553
6226
143
3091
5813
4344
4011
2699
4465
230
4026
3112
5441
5745
4885
4801
4892
1808
1656
6028
1554
1376
3617
152
5822
2214
240
5305
4061
1834
956
4483
2522
5530
3298
1424
3927
1472
3610
5481
2522
4238
523
1970
6484
5393
4792
2769
941
1307
2967
1684
1667
4783
1349
2757
6103
5823
5929
3280
72
871
3873
5737
3985
1730
1770
495
6017
3673
1391
4188
5049
3344
179
3534
5090
1845
6148
2308
1488
4278
3899
4302
6518
6467
4814
3335
3474
381
614
2847
1174
1581
1485
1055
1920
1547
322
5323
3548
141
719
6480
44
3214
2861
4114
1607
5827
2128
4880
4024
5451
6198
2256
697
2581
3154
5820
2867
5989
5676
6384
3976
3631
1121
4593
4796
3616
4420
5709
1341
4993
5484
3379
2151
5649
2773
596
5536
6016
2557
4756
3101
4230
6551
3801
5210
6380
4321
4658
4830
3502
5908
864
2839
4524
655
1932
2128
3010
5223
2521
5883
121
3672
5895
155
6140
2088
2596
5354
1175
4985
4449
4297
5522
1633
694
1574
4021
4396
3462
2909
3329
2600
2768
5251
918
3859
132
6153
5125
2789
641
5859
5033
1764
4580
672
5981
1542
5822
3951
1560
1646
5123
5827
5002
595
592
6424
4741
3601
5875
3553
2047
6225
2631
337
5553
2292
2378
822
5242
5700
76
504
6610
5727
850
2707
700
2629
2345
555
97
3549
5688
1270
5175
4686
6519
1613
2091
314
2013
6179
1620
4245
6566
3653
2135
2377
1367
1590
597
2393
757
5378
4552
4807
380
6807
4577
3473
6293
5625
5229
3779
1592
821
1519
3962
80
4560
5501
1642
4794
6708
3793
5855
641
1648
4388
4570
5598
1980
496
1345
281
695
2264
5160
6205
2147
1752
6037
1185
5739
5820
3235
6368
5602
565
5057
2392
3801
6082
1650
1671
636
2384
1978
5927
778
5892
3917
2006
3057
1501
379
4761
2773
1074
2299
268
5406
1902
3007
2301
3798
3614
3393
3190
1951
1516
65
4024
5323
5504
5072
6841
3192
1560
3260
148
4068
3577
3854
5074
6010
2202
2019
4229
4344
4319
1179
2936
4466
729
2220
303
952
6746
4913
316
6091
4766
4845
2667
6245
3018
6727
880
6770
2045
2377
3487
3361
4089
793
1557
5799
6380
3965
2737
3664
3261
2877
794
4712
1930
2225
1803
3014
2590
4706
853
2012
4362
1943
61
887
4021
3699
4677
6117
5814
4361
4683
5701
1059
80
3541
4005
2821
4985
3654
3030
861
1703
3599
5140
5994
452
2525
2252
2237
2574
6828
5616
748
1712
6087
2989
6216
5114
1551
4279
5913
3401
2938
5470
5030
771
458
797
4079
2968
2019
308
4632
3767
3083
309
5595
2227
2842
5629
1725
1630
4598
3455
170
689
6798
683
4097
4802
475
2447
640
966
663
880
3063
692
5414
6622
2379
5589
1877
549
2703
3174
5415
6259
977
1256
3052
1395
5264
1417
452
2104
2704
1771
3321
5305
4922
5668
864
4483
3431
6764
3662
4339
2355
548
4209
2985
925
4751
3226
228
2904
2853
337
1950
5896
5427
2149
5239
4187
3314
4280
4622
5027
1979
581
6566
2384
150
5738
6480
716
2999
317
6380
2057
5827
7009
6109
4810
2738
2866
4673
2302
51
4791
4406
5976
742
4750
4472
4582
5140
3233
6996
3931
4965
4410
6489
4650
887
7067
2945
2800
4168
5108
3129
3922
6873
54
5691
6777
4047
6343
2472
2961
4724
5002
6338
1811
22
1046
1617
3722
5868
3124
5735
6632
5624
4854
1261
2317
7001
3300
4142
6652
3209
4078
982
2712
597
483
3663
5763
1048
4882
6137
4330
3718
3398
2322
5295
7069
1705
5338
740
6258
5197
894
6951
6141
5354
3011
6387
6875
5570
6129
1223
58
2628
6209
6844
2172
6088
6777
4592
1140
3377
2129
681
5828
4788
5044
836
5960
5627
890
6363
3405
6524
4028
3399
115
3924
1270
3619
6215
4584
3597
4899
3127
6532
6017
3045
1698
3095
5407
4163
5515
3293
554
848
2380
6540
2331
3841
1997
3436
3012
3945
2771
4309
5941
2561
63
4266
646
6705
1066
2336
3188
4417
3606
6664
1405
4005
3402
4964
5110
5145
6615
2965
7240
1345
1781
427
2537
3049
1274
5812
4236
1767
1924
3798
4002
2221
5209
610
3865
4894
2098
6033
6496
3180
1880
3792
54
4055
5821
1310
1969
7038
7105
4806
2378
3070
3011
1062
1449
2499
7142
5337
4890
4061
409
765
4599
194
2725
5435
1932
380
315
3926
18
2075
1068
418
3094
6867
2514
5541
5043
2293
1101
3018
333
6946
5202
7257
4096
107
958
2121
1978
7047
3339
6808
5752
4117
6702
2024
2348
3345
3813
2317
153
1384
2982
2616
5039
4628
239
6177
1478
4821
561
3727
4111
3760
3581
1262
2532
4639
7217
2189
4163
1822
2718
656
3632
7237
4722
16
3690
2995
4511
5598
1958
2349
295
4430
1778
2955
1037
4473
2619
1814
603
6761
7028
4908
6247
5116
2400
4544
1084
1686
3433
3998
3296
5677
6516
6363
4660
5621
5045
6146
4108
4588
5704
3796
3275
4908
1512
1535
674
5246
3678
1844
6779
6049
1781
2927
804
6959
4107
6194
281
5016
1552
6628
3592
3585
2062
3004
2236
6736
1418
4580
4057
374
976
477
5325
3019
7284
7380
6673
3368
3088
7327
5800
1282
2912
5514
204
3180
4054
5037
6908
26
1768
2923
3210
6008
4622
5804
6471
3344
246
3633
481
4347
6385
7094
1485
3358
5339
6041
2556
6823
5772
4435
81
3002
2881
3585
3397
495
4104
4626
4389
5283
2217
4010
2422
6601
5654
3328
2403
7394
5894
3761
7293
3295
1654
863
1681
3679
5865
3236
4008
7282
621
3818
989
3779
4419
1650
1042
3405
4267
536
1042
3620
5810
7298
5170
2398
2778
3655
4257
2337
813
1231
7366
1739
6040
375
3165
3525
3391
876
6532
2920
5965
3411
4813
2302
6925
4261
6864
5792
5122
3083
4394
4283
3514
7394
1240
1243
7100
6335
3636
1739
502
6372
971
2695
6423
1581
3202
812
4782
6806
3279
2036
610
5312
4219
7433
848
7041
1045
444
6165
7413
2940
5713
2976
753
2342
2960
821
7596
4205
407
4482
5259
3182
3269
999
5726
3501
4006
2600
4579
6576
1697
1654
3465
3192
5837
155
5391
658
1667
260
2950
3719
6098
6107
121
7282
3531
6516
881
4917
2655
3586
6558
2969
5522
1663
62
1345
4450
157
7041
589
3298
1169
6020
3242
2244
2173
960
6987
1846
5681
927
2755
1930
7549
7170
992
4601
1747
1173
3663
3277
5949
4497
2852
3
6325
7205
6766
5756
758
1790
4129
4089
752
5788
434
3294
5667
5534
4434
4918
1330
4348
2987
6368
1478
7542
7089
12
813
6075
2079
174
7330
3146
3213
4264
7642
6394
6205
461
838
7063
866
1049
4584
5451
786
1026
761
7617
3819
4773
7345
2799
5481
169
5988
3598
4696
4166
441
2578
6723
4242
3092
2145
1052
5984
3055
5565
4936
6151
368
824
2373
3402
1777
7509
1029
5762
3803
3164
3120
3753
6532
1239
3543
4013
1789
3596
6037
3552
5680
6321
3144
582
1246
5999
4080
2673
6616
1746
6443
675
5846
5045
6178
1761
3217
998
4165
6831
683
6601
139
1924
2080
4063
3129
3828
7540
313
2103
657
2022
183
2433
5138
7427
803
6926
4175
5237
633
834
5966
6454
6954
6797
794
5614
6809
2806
1329
5669
3191
4297
2763
4229
5558
6261
5977
2699
1550
6834
6866
6679
267
3867
4349
2473
1750
3256
5412
7635
4447
3329
3865
4969
5950
4887
1590
3028
1485
4726
7454
2730
1551
1662
2293
511
5055
647
5140
5916
4267
350
4688
4752
5826
2515
1211
5988
5536
5966
1623
98
6223
7128
2251
7205
3989
1684
4033
6266
5050
1292
2525
508
2536
1301
2955
404
2213
6877
5529
1296
3230
3905
875
4444
5178
4906
5713
5658
7028
2906
274
7825
759
2022
6106
2200
1289
2731
6530
7128
2092
3784
3345
1842
3638
2718
5806
3513
5878
7011
5966
3391
1832
7146
7744
5800
4933
534
7045
5417
7709
6122
2514
4151
2279
5215
5779
5863
636
2793
6716
4563
5954
7872
3837
5419
2452
5113
219
5178
2206
5439
1575
2719
958
3380
5988
1996
1425
7797
1665
2116
1614
1405
7433
6410
7731
5896
3534
167
6831
7387
4618
4826
3113
4089
7781
513
6842
2438
5589
4634
7575
4846
5905
2650
1515
497
6027
6085
7919
812
451
40
7640
6614
7232
4922
2159
