0
1
0
1
4
2
2
1
5
7
5
0
9
10
3
11
14
6
6
16
13
17
4
10
11
24
4
26
15
14
22
23
26
23
14
4
24
2
14
1
37
17
24
2
19
33
42
26
7
21
21
41
9
5
20
30
1
13
0
3
58
7
45
5
13
22
5
62
21
7
65
48
8
55
68
59
19
61
50
29
5
38
7
72
6
72
30
16
48
1
7
50
85
41
94
84
8
46
67
98
69
25
87
94
26
75
57
10
89
39
28
61
54
53
53
65
30
9
13
119
53
39
103
96
48
29
45
88
12
118
118
68
73
19
2
38
99
111
53
133
49
15
80
142
17
12
82
140
49
4
34
111
12
118
78
27
88
46
113
100
64
15
152
130
44
152
50
154
110
82
2
169
36
64
161
13
83
148
90
69
135
93
133
54
98
134
60
108
27
86
106
40
153
112
162
54
183
21
6
84
173
81
15
6
199
193
142
56
197
20
11
69
20
118
179
208
121
195
22
187
150
133
49
183
101
56
78
202
206
41
145
99
132
124
85
109
165
106
61
31
33
69
227
177
25
220
193
165
247
39
12
153
87
25
143
126
169
235
229
200
140
172
17
70
129
138
209
156
99
189
52
46
37
94
37
223
81
1
138
215
162
25
221
279
112
223
68
97
144
43
290
60
91
207
244
159
261
215
51
51
85
122
91
62
70
46
76
45
242
5
208
177
121
145
170
56
16
101
78
74
203
56
155
220
131
9
70
214
208
262
221
321
56
112
26
256
317
93
94
131
9
302
341
131
89
181
191
254
10
324
110
346
170
25
83
310
306
59
230
55
334
99
209
107
264
90
148
361
11
189
317
20
109
366
325
20
143
224
191
10
101
211
101
221
336
127
15
230
345
253
153
331
341
8
80
258
119
160
332
278
153
74
343
246
243
66
382
388
257
250
227
170
302
83
353
328
340
44
317
276
276
151
338
287
408
134
19
226
17
191
298
115
166
208
16
21
384
226
290
335
410
56
281
435
355
113
126
164
99
111
295
417
414
383
48
423
436
396
186
102
192
101
173
216
350
74
409
413
49
46
411
349
397
1
374
74
451
165
53
135
210
230
190
393
455
229
430
411
49
381
348
74
44
53
297
284
236
459
394
224
253
461
18
175
278
305
101
169
372
121
507
368
40
145
72
11
480
296
375
77
20
254
522
50
468
135
428
57
494
396
149
210
339
26
131
111
76
48
401
182
441
74
136
422
431
170
156
482
494
150
279
385
303
255
393
533
431
447
524
368
28
384
159
470
322
339
551
444
305
286
363
298
228
426
54
76
545
447
90
232
231
477
571
104
244
47
407
409
412
286
577
177
342
135
111
116
103
58
524
356
506
588
497
50
600
50
576
242
555
68
369
149
535
321
12
451
386
221
409
336
385
332
334
413
144
136
586
169
7
369
560
463
589
71
527
133
286
371
131
629
261
59
285
113
97
101
602
224
628
624
491
132
103
188
542
525
474
484
554
560
398
379
542
606
11
396
87
86
185
407
543
57
459
601
123
238
585
218
383
71
161
331
617
8
574
515
10
316
81
301
210
53
166
498
11
590
144
551
142
389
579
67
390
375
641
595
153
692
66
336
424
353
158
210
553
360
360
63
113
146
385
286
706
577
116
711
205
251
44
319
146
602
500
690
154
115
50
465
47
18
485
262
376
25
568
270
596
343
436
665
328
441
103
617
656
509
637
243
45
178
679
641
121
229
294
25
318
157
104
512
161
767
89
526
5
550
605
470
377
415
447
187
734
710
613
279
66
100
576
69
704
26
301
58
416
430
677
170
715
473
351
176
423
203
307
586
132
704
453
781
220
88
298
783
32
359
57
637
432
637
354
362
561
94
600
234
317
644
514
291
199
227
814
783
816
418
132
293
275
409
326
634
549
221
235
618
443
699
800
804
282
140
684
422
330
758
28
771
226
624
97
49
342
69
16
685
761
160
404
596
722
343
116
787
432
322
359
643
39
354
359
155
313
699
0
458
480
691
593
205
735
248
413
473
33
363
276
849
252
836
538
766
48
147
365
773
530
777
546
858
407
394
777
538
754
232
433
793
837
103
745
492
412
255
846
674
422
668
630
218
362
444
866
609
561
202
71
376
320
111
43
480
284
716
367
812
702
647
249
282
643
498
35
457
605
128
541
684
424
59
670
537
440
190
318
570
27
912
571
446
923
658
697
663
616
962
320
443
470
562
570
565
884
54
513
778
106
139
426
853
631
592
323
872
332
677
160
752
19
361
155
810
168
994
33
203
893
460
285
892
335
857
271
88
545
558
786
950
291
272
259
358
964
216
510
844
911
781
730
131
1000
1019
695
433
274
1008
556
335
58
1005
325
811
932
118
939
366
899
847
92
918
1016
527
811
1038
135
1009
247
467
709
545
964
1032
521
701
251
373
31
727
731
420
574
972
792
998
228
823
631
180
114
908
792
405
98
313
719
399
397
838
41
1000
284
13
212
547
882
1059
203
526
1049
895
892
288
628
146
1095
183
343
232
709
55
702
287
42
273
517
489
712
933
509
9
355
290
1106
1040
323
160
88
498
580
791
502
414
372
962
785
247
151
326
916
166
55
1046
456
219
615
498
1081
716
227
459
289
764
468
1059
139
266
795
824
843
44
1129
879
353
1004
989
284
904
649
408
925
1101
415
415
156
921
0
862
667
613
680
442
583
115
771
1159
209
440
915
375
910
313
749
1169
639
739
826
1018
861
850
559
419
1086
904
387
855
133
790
206
128
967
1009
1035
606
220
396
612
293
787
176
259
1121
838
950
542
1148
206
648
522
984
179
50
1071
845
672
302
1226
54
161
149
1144
156
169
661
900
26
559
1142
690
418
906
554
776
1096
194
488
138
92
1124
13
164
1146
258
505
865
888
1022
1257
717
150
631
718
365
137
574
73
641
1129
457
923
1014
301
700
51
943
62
1241
1261
175
73
595
1074
638
780
99
1251
664
1054
121
1292
100
621
1158
268
311
547
1273
619
186
446
504
655
1175
350
467
641
1133
651
1175
520
540
139
367
1075
875
255
1222
998
308
1223
1049
1122
912
940
830
549
131
408
161
353
631
1056
812
123
109
870
102
667
155
441
502
189
890
987
145
1259
1229
1223
1183
828
307
822
450
615
980
995
968
984
850
804
1109
505
933
1056
1159
634
101
334
1341
1325
944
1319
1210
1175
1120
624
769
749
901
307
1303
82
122
235
1231
503
1275
108
1163
815
148
1130
59
1127
551
188
1001
1328
1142
205
464
327
952
214
239
629
677
878
1192
271
40
693
139
871
946
239
784
1033
1377
516
9
29
803
1121
146
1047
341
1377
268
401
1337
1168
862
287
44
1197
1439
618
898
1348
1097
1255
668
637
687
810
918
927
152
648
540
1419
598
47
437
306
138
1138
1137
9
1296
1118
758
1087
236
1224
510
1136
20
316
289
1353
389
673
714
709
1052
1180
1332
149
1195
895
1117
13
732
463
248
1414
1060
1172
1005
899
928
1205
1048
438
1118
1416
1354
700
1337
1424
1033
1063
166
308
590
917
444
1321
1100
986
870
956
381
130
1324
44
1188
1380
1214
303
636
122
748
651
7
1094
1380
96
1044
785
878
1328
655
542
444
442
799
1338
278
430
60
911
126
871
1283
965
926
1481
891
1247
1336
1333
755
748
738
1326
1358
649
657
748
212
1443
14
1234
489
1156
1309
770
369
382
1346
461
295
857
611
1261
505
881
1481
1044
1007
137
1008
1354
758
1237
1347
273
868
1483
1159
668
373
294
937
682
232
269
1248
1544
183
911
194
1079
579
1532
302
50
1372
441
392
1226
486
69
569
630
318
1554
554
1529
1450
918
1461
1138
1179
997
946
121
1503
893
535
1109
1454
395
1164
395
618
1423
1510
226
724
312
25
1091
649
751
811
1027
1599
264
752
1238
548
82
330
795
1023
375
1162
369
8
26
269
1392
944
1018
1459
1051
1617
706
1257
451
104
838
714
1023
631
272
1345
1608
253
1246
44
1032
1604
1661
340
1579
1285
1616
639
695
163
1528
938
678
388
56
1305
1505
541
1530
1374
1537
1100
688
424
895
946
1099
1316
1021
17
899
1188
1199
7
1375
803
1330
1097
655
438
658
1518
772
1393
928
1608
864
781
1278
857
977
1204
1490
1228
1658
253
603
1426
1687
939
192
1586
997
1045
214
1716
925
806
54
93
1081
1372
860
44
1559
1104
338
558
1190
1079
840
1471
881
526
1743
868
484
963
69
1567
1537
1641
771
154
988
416
545
839
1428
363
712
369
627
1393
532
1434
311
646
413
838
910
262
1372
648
1288
1282
1584
972
1475
1090
278
1761
1236
1466
732
116
48
1081
1610
1582
21
1137
1205
497
619
287
1278
1246
951
1359
948
1148
1526
1049
1252
672
10
1421
72
181
1145
915
345
1524
1304
596
1580
8
511
1386
472
1473
457
715
1526
1506
1723
1233
309
877
860
1187
978
282
1792
417
22
1565
1609
1179
1499
1728
1497
108
505
1494
1342
1559
280
382
1156
1352
1234
613
803
1868
667
676
1489
476
140
1706
485
1181
1491
151
448
28
371
133
1502
897
1302
1519
1128
386
1304
1162
1292
576
714
1853
409
1464
962
1763
1150
679
487
1163
709
706
341
40
122
1912
1606
1798
977
1050
140
353
1424
474
1059
1855
1037
244
1648
233
41
678
1606
1315
1370
1187
1008
1834
1123
537
597
261
294
226
1495
844
38
409
1831
1339
1518
42
738
1062
377
1927
1345
1036
1182
328
896
223
1836
652
805
1670
1834
1628
575
1966
1356
1949
629
302
1844
566
1401
303
825
314
1184
1912
1194
1186
1590
1700
1545
175
984
44
913
1135
189
1528
1662
557
807
326
789
1826
1743
560
233
49
1574
1616
1761
800
1300
1598
1559
891
240
643
131
463
515
1955
1759
550
1564
717
1673
331
12
368
1633
78
1126
1844
1249
1462
1559
1716
1848
177
818
1479
1703
1870
14
415
550
1646
990
147
97
278
636
572
704
940
1760
1229
1122
1505
479
1642
147
924
439
1158
964
1419
172
28
2054
44
1690
1151
1600
926
1499
606
1336
1141
1030
76
1260
1476
819
1371
1789
381
937
439
146
535
989
703
1319
1829
2082
747
1738
1535
1356
414
1976
853
871
1326
1706
139
1210
1534
747
1265
634
1362
38
873
578
71
1873
1269
1902
295
817
568
328
598
382
880
1107
1469
1099
1302
2132
1921
1495
1361
983
1449
1048
1033
1994
457
136
191
1850
939
1971
585
2038
219
2137
159
312
1734
775
1586
1802
1489
1534
810
1333
1345
1788
526
799
2087
1931
289
8
32
2042
442
1143
1524
296
102
1714
567
970
161
1246
688
410
1275
149
276
530
910
352
351
2194
911
2028
551
1800
1968
1531
2054
1317
125
1624
1401
209
1927
286
1425
1234
1893
1696
1992
1035
350
436
439
1571
1455
744
1210
1789
1496
1264
1727
1928
587
336
1413
1007
894
1409
439
1764
75
2108
1705
1185
44
71
344
174
645
978
338
657
379
192
1731
666
1929
589
2031
1971
592
322
1769
1155
641
2102
2028
936
2240
1446
913
711
342
56
1268
1819
2019
2003
133
683
2217
2014
1458
584
1966
1759
591
1478
1876
314
69
2194
1937
354
684
921
2105
189
1786
437
1148
1129
241
1587
1854
1695
74
1316
1024
809
901
1610
2304
399
715
1655
1793
919
1018
1918
1936
1471
901
968
792
1054
2207
1491
2143
1836
1766
530
1089
1325
904
2296
1967
2003
571
1704
1088
1592
2282
772
2333
1880
1478
1224
1432
2162
714
82
819
213
31
274
978
2175
1232
805
135
1281
264
115
2130
731
1792
1722
436
171
1675
1361
1427
316
1861
1425
630
966
2230
1171
1469
1206
1310
64
2116
2166
1859
88
1620
2222
1826
1823
143
1679
1975
1536
1519
570
125
797
1272
749
1846
876
2014
1726
1668
2087
1136
1803
1234
2112
439
1209
688
965
786
196
188
1149
1193
2180
616
245
1498
2029
1921
1292
2165
803
1845
394
1410
1043
1441
2280
557
505
976
1579
630
2010
1714
375
1909
414
1201
137
2076
2140
66
237
763
272
49
1344
231
647
1759
1028
118
1153
1789
708
1393
970
1337
323
1499
1957
194
1006
1918
2285
2028
1625
21
1464
2009
1092
997
366
1426
105
1244
1678
1571
326
2288
2346
2289
2216
1082
83
1533
1504
1999
1996
2187
500
2065
2410
1973
2406
1581
1269
1546
793
1527
1877
1224
583
122
1649
1511
1384
1616
587
1134
2436
1515
951
1260
1671
1426
2324
1161
2029
1621
1818
1915
324
1637
490
127
1418
1726
957
1585
584
960
606
908
871
1735
1144
1674
1957
880
1986
50
1738
2412
2109
1463
1044
1454
468
2483
14
1016
1434
1266
525
201
644
2227
542
1767
1884
560
1845
2225
772
677
2037
520
37
2246
996
1017
2347
295
2525
1066
457
1080
219
926
2449
744
496
1708
97
1227
1587
2164
686
1080
1342
42
2020
1575
301
2428
120
1206
598
967
1487
2224
684
1459
2414
2389
196
661
1166
2065
2354
825
964
1626
1238
1015
309
283
2530
1486
41
572
630
586
2501
2297
2368
614
2497
2236
2100
1073
324
1871
1033
585
559
340
233
122
1860
258
167
516
502
263
1089
961
11
601
2557
2561
235
1851
1961
2013
2125
670
1539
1704
2337
768
1275
1420
142
2331
2420
926
83
9
862
104
814
2508
2592
1348
238
2570
580
1702
301
1085
2509
1871
2482
1667
808
1665
1643
2126
2106
1881
489
3
185
399
1150
224
624
672
1048
633
1230
1655
998
344
2428
635
1225
1141
2373
2162
2264
346
1454
1629
86
790
237
2038
1311
1409
2519
2103
939
2572
510
553
1576
1856
1387
420
2024
419
2391
636
1175
2269
48
2141
1696
2734
394
462
9
1354
303
2645
13
1929
351
1670
152
2438
1719
2120
2235
935
939
1606
301
552
298
1843
59
1281
2319
956
2775
1067
2684
2566
2226
1379
1590
221
1508
372
360
887
308
1103
693
2073
2026
195
2115
751
635
1417
2494
245
974
1505
688
899
121
822
740
2384
369
2271
895
1586
2351
20
670
1725
425
97
1515
2578
1754
2205
1551
2338
1559
1144
406
2541
2521
1947
2517
2326
2055
44
1796
536
1392
1819
973
1154
558
2407
441
79
1202
1550
544
2380
2073
2776
1668
558
2181
1192
420
1952
467
2146
2067
78
2621
2386
5
809
1343
2254
2643
46
945
2279
245
659
1593
2470
702
67
2548
2518
5
1108
475
355
1840
2812
2284
1117
2045
2208
2463
1549
1640
1119
2002
1266
2687
1630
2861
2796
1807
1996
1576
178
1092
2644
1162
1602
1097
487
2612
549
1387
2448
1358
1094
168
2263
2495
1433
2372
2737
2215
1767
889
1282
2904
1009
582
1319
231
1906
294
220
218
1087
1526
1093
358
1513
1828
2055
1334
1477
58
1542
2827
2686
1078
2548
1523
2409
1563
466
1466
1387
1334
1569
1295
2336
202
2552
31
2881
829
650
789
2089
945
2399
1596
1010
725
768
82
22
888
2461
79
1399
439
1788
722
676
1159
323
1320
2234
1020
32
138
880
1392
2053
907
1990
512
1746
2834
256
1052
2542
1753
1332
1432
647
1369
1416
623
888
2102
1763
1302
1951
852
666
1564
971
1721
1040
1797
2396
170
832
2022
2473
692
2136
2438
1215
1747
585
890
2402
2797
808
1787
201
938
2933
2117
558
1758
2985
1472
2779
918
2159
1036
1746
320
1203
2357
2272
857
2551
2080
2568
48
1474
257
2582
1611
1008
2135
380
2358
1220
2049
2233
2233
1964
2912
2519
2282
1431
2400
261
1202
1682
167
1147
2120
1440
1474
317
2009
2686
2171
1006
1197
1681
626
873
1542
2670
1771
1373
674
1854
1058
1664
1636
1394
1403
977
1589
272
117
2106
79
2221
1843
1800
1885
1661
2469
1573
2523
413
3111
671
660
2835
1868
605
2465
1827
2708
2336
112
1183
2729
1744
2537
2904
2365
2725
3043
23
600
355
2977
2506
317
1049
164
46
1886
468
1402
838
1259
1626
2063
2851
2693
977
378
2053
574
1738
1076
285
1086
1407
2671
3097
1552
824
1107
1276
1170
2587
1733
2090
2220
1478
1581
2140
826
2780
882
350
56
2601
3032
2783
442
1317
2864
3037
1322
1789
2344
1688
763
3163
2067
1494
2231
1839
362
858
1528
2280
1477
2203
2301
2294
171
315
2435
2641
2790
870
3193
2327
1286
1491
313
558
3024
1286
836
2774
2099
2947
184
1086
1480
1932
2224
3046
205
1607
388
64
740
1265
3120
310
1756
1433
2065
1694
378
1980
3200
2103
2959
1984
1094
445
3190
3145
2321
2987
29
2210
1422
31
2368
465
3131
2475
497
1234
2885
2640
1209
1516
1144
416
722
1086
2678
3089
225
2815
1084
1847
447
78
991
2390
2504
1864
20
975
2463
227
120
2447
2038
2383
2633
459
2926
2073
858
876
1262
230
2524
2971
111
921
1185
1393
239
1597
129
1781
2354
3257
214
782
325
2273
1089
853
2804
2827
1343
3267
2334
2142
1476
108
352
1656
738
1607
2929
1256
95
2103
2741
2674
1268
2996
2255
1508
1494
1801
2307
3117
1051
2285
1353
3026
716
3134
2754
2786
2253
1955
301
2110
854
313
168
1723
2907
1939
2323
738
3086
370
3001
3342
716
712
354
1236
2652
295
206
1594
2926
1388
1585
359
3235
153
1086
1137
924
950
539
253
1349
370
1114
2564
3231
1804
2350
1116
1562
746
2532
2430
2983
617
2048
1496
3372
1079
306
2462
2807
91
1728
3389
3390
670
1701
2341
767
775
466
2786
2504
3046
2239
1136
495
561
2319
3089
844
2700
1378
1710
1175
2713
2151
1141
2114
1910
1119
2765
2285
1110
806
2344
2799
3246
1382
3203
3326
765
654
226
1990
976
162
638
784
3296
1043
3165
3016
2451
533
308
677
2745
3353
1079
1816
3121
2665
3232
1376
536
906
904
3031
1955
17
2424
1859
766
2143
3275
3367
188
302
2179
2936
672
1845
1222
546
198
515
1560
178
1766
3123
1746
1985
2271
2672
2244
1002
3492
1608
1754
388
1207
1812
963
1120
2140
3154
850
1805
1150
2797
3491
2989
1453
133
893
1885
2233
3485
691
252
2061
157
3462
867
1594
3396
985
3026
3052
204
2501
3258
656
1004
2910
753
583
489
2626
1821
1635
2096
1824
3171
2518
1203
1603
2052
65
2356
2991
438
2284
1027
3318
1158
983
3256
3536
1620
2795
236
2813
2604
893
1697
1981
2242
2676
2329
1819
2475
355
1557
1821
2773
2451
2600
114
3
2186
3495
1016
1560
1853
1802
1716
565
2968
255
3309
3012
1123
90
874
1061
1022
1673
3174
3603
2779
1117
1860
992
3488
3512
1145
3027
1984
2358
1317
1996
2124
2578
3028
3122
3027
2735
3107
1791
400
1080
2206
1828
3576
3187
210
3047
881
507
2281
2262
1373
3296
1328
2350
1637
2986
2220
1402
1439
637
2340
3050
2694
1538
678
289
1516
965
152
1293
1479
381
962
1441
455
3184
2906
2590
3593
43
3410
2756
1785
3149
3357
1596
301
722
1002
1120
724
3592
3276
1686
2473
3494
2053
1565
1858
1549
3106
762
2528
3344
748
64
3414
865
2596
1512
1971
734
455
2282
1108
2132
2341
359
2069
3222
2520
1204
841
2262
2577
2561
65
3037
2927
66
1450
486
42
2346
1074
1268
49
1718
3394
3032
2187
1596
2120
887
2067
1036
1936
2178
1564
1518
3066
1565
412
2509
2932
1926
1869
2154
1346
811
3519
2142
1246
1166
1651
2912
3659
2770
2223
1733
686
7
731
2379
609
3710
1459
2529
1251
806
749
1808
416
754
2585
217
272
938
653
740
2794
331
1854
2799
2643
1383
353
1996
3545
1781
3318
9
3361
825
3529
391
1096
3673
2536
1411
2771
3442
861
979
318
1474
3147
700
1145
2179
3175
3591
1156
3425
1447
3364
1247
1397
3104
2122
1943
3490
1410
347
3151
3148
120
1358
2397
732
3511
1599
2235
918
1091
1262
1455
1821
3026
555
1467
1081
3445
1405
2538
2949
289
2299
1596
982
1170
1023
3352
902
420
3205
1908
1639
1427
2661
869
1864
990
2941
496
1196
1945
2027
2071
3633
2696
1278
2877
712
2641
2816
3271
2584
1956
2919
920
843
825
523
1297
582
1559
2557
1735
3250
2118
6
892
387
2047
1135
3538
2818
553
2165
1284
1553
963
3354
887
3296
2502
2460
1267
1764
2900
820
1284
1984
2217
80
2461
2744
706
3563
3347
3918
3235
279
3768
2214
2282
3020
3722
1118
1357
3502
925
1184
1171
1457
1017
3769
0
3227
500
530
2405
1611
3648
1744
737
3616
605
3048
897
1018
1604
2233
2570
775
2074
3055
2600
30
2743
3169
575
3196
233
510
1512
2485
757
1408
586
3172
138
1784
3567
3886
3329
3914
3663
786
1483
2887
2887
1235
490
1202
1092
3902
233
1547
808
2528
93
3959
3809
