0
1
2
3
3
2
2
2
0
9
6
8
1
6
10
7
12
4
10
2
9
5
21
19
19
25
16
9
11
24
27
6
21
8
33
27
28
10
22
20
1
0
12
40
31
22
22
14
15
21
43
49
42
23
21
7
42
5
48
29
60
14
44
58
14
57
8
30
6
19
16
57
50
18
27
17
41
53
42
53
1
43
23
25
73
71
23
80
69
61
17
42
89
27
28
20
93
76
0
2
11
42
47
33
0
21
8
107
26
78
100
83
2
112
61
42
79
82
87
18
89
99
113
49
110
22
51
31
89
78
64
65
14
33
11
2
53
136
130
79
66
15
18
4
32
54
53
93
7
121
120
4
150
63
144
131
117
128
52
84
137
0
130
96
164
9
160
88
71
71
112
27
87
138
130
73
166
177
35
25
21
162
61
46
39
162
58
97
71
119
40
65
132
120
164
24
63
160
197
24
143
180
176
32
117
163
128
98
3
129
3
124
71
198
165
167
44
138
71
141
101
183
134
163
13
169
200
145
225
56
213
34
178
30
73
189
168
216
180
96
236
28
197
221
78
195
198
101
135
33
49
39
136
161
75
162
233
92
65
188
93
69
70
89
90
96
73
84
245
170
153
161
238
174
260
207
96
159
42
67
175
244
204
185
239
158
104
108
93
83
214
206
108
68
81
273
179
117
5
173
203
28
237
109
5
304
152
303
60
87
278
147
259
19
214
239
67
280
102
105
176
175
5
66
41
271
70
16
234
311
76
109
165
116
33
282
87
315
25
0
46
324
50
250
146
270
240
64
170
215
121
285
222
216
12
95
175
216
182
207
93
112
336
53
38
269
312
40
0
309
352
276
316
68
199
350
277
260
22
241
206
37
301
261
203
385
183
378
366
111
44
365
204
31
319
168
296
373
20
156
70
393
125
52
280
140
60
258
319
13
161
24
269
59
21
19
294
401
272
310
34
276
114
119
300
2
221
193
314
223
28
271
244
360
12
169
292
60
197
117
51
192
203
253
23
395
322
121
65
317
207
51
200
51
151
68
100
296
84
452
303
379
117
178
16
262
375
463
221
73
404
199
359
396
131
427
336
378
238
368
335
240
53
188
297
447
346
456
193
72
275
309
102
167
73
307
359
280
322
274
299
152
219
447
479
360
382
124
119
40
158
284
334
333
434
364
133
159
225
208
215
112
44
394
166
390
317
231
25
383
0
399
7
512
392
261
231
105
394
94
134
368
441
386
18
493
172
503
59
258
548
489
406
65
532
282
407
214
441
259
95
471
209
497
560
292
317
1
444
39
438
338
335
294
5
514
389
251
226
15
360
61
239
473
122
564
157
299
31
205
250
204
129
6
349
517
589
585
369
581
17
518
5
339
594
73
119
24
305
44
271
38
1
413
594
362
543
99
140
298
235
226
372
552
167
208
85
459
182
338
620
310
432
535
305
463
39
91
447
170
259
538
72
401
280
296
94
567
633
625
567
110
486
603
4
94
565
553
177
26
389
78
328
399
343
424
419
660
374
473
91
659
180
453
502
154
595
198
585
14
334
485
71
292
444
21
313
669
489
275
633
442
196
561
685
470
656
428
664
673
683
685
579
666
113
379
323
172
456
138
481
98
60
102
407
125
650
403
500
192
346
110
358
586
453
76
272
124
457
689
725
75
276
49
485
478
642
530
418
713
719
243
8
652
368
313
594
476
88
598
274
428
349
387
545
343
665
684
523
58
323
548
366
687
69
681
549
8
738
49
165
265
75
382
442
381
441
743
339
338
424
723
342
264
670
212
464
270
160
420
517
185
22
458
516
521
738
99
699
9
116
186
405
288
698
448
102
77
252
762
11
368
175
779
749
706
202
93
206
265
606
129
255
424
271
419
520
702
599
158
699
699
640
22
695
268
289
417
500
487
679
39
201
1
512
629
583
158
44
758
701
781
353
361
539
7
713
690
525
616
655
197
85
300
93
513
67
130
821
20
87
617
533
267
122
580
849
496
745
1
552
152
684
797
72
282
681
67
594
827
471
174
446
565
825
400
783
820
107
310
853
599
815
116
704
361
500
293
236
263
340
660
723
396
699
495
452
415
576
347
9
600
305
752
723
387
548
157
413
228
107
336
63
420
820
623
112
729
259
292
630
277
399
303
681
154
6
314
129
341
673
601
205
907
128
235
186
29
428
550
781
769
352
914
36
61
33
21
640
472
709
968
430
802
382
372
430
339
711
637
475
867
1
924
107
704
82
760
339
248
747
517
574
295
134
759
225
803
574
376
320
954
940
209
946
831
183
896
985
502
795
903
753
823
615
477
94
675
51
289
491
774
268
954
176
2
256
895
493
494
712
73
749
260
353
873
543
96
72
916
113
129
342
418
1022
386
163
249
738
184
335
634
36
491
725
266
425
766
399
2
861
31
83
755
417
118
24
498
358
917
786
874
818
532
1058
862
238
728
568
733
144
835
571
283
426
1044
164
598
396
536
354
30
600
189
304
456
190
758
432
781
564
109
796
537
15
331
1057
116
1081
309
991
171
913
564
432
944
743
490
490
422
121
841
731
830
347
915
824
714
15
1022
84
522
462
836
173
922
509
1125
275
162
172
565
1006
183
503
690
244
200
1140
84
364
102
1031
582
132
895
811
812
46
512
75
32
883
1028
352
1
216
492
96
752
67
7
709
509
323
1144
1154
1051
93
930
370
655
303
8
584
637
225
278
605
933
152
616
715
670
1070
957
548
133
381
599
1153
842
691
254
560
772
1107
804
517
886
901
648
1115
39
502
873
1081
1166
104
450
866
862
148
479
39
1189
102
1093
1116
480
817
670
383
258
959
646
760
541
534
1213
385
297
995
346
212
184
959
175
1164
200
1026
671
866
622
61
622
285
144
914
940
1152
921
1128
352
1197
331
333
331
173
89
243
1147
421
13
61
597
136
591
630
1200
1222
787
1202
0
146
547
573
815
155
638
1040
1192
330
523
955
124
1008
315
1204
858
822
1082
1132
523
758
1019
343
1050
496
1016
551
352
943
369
126
837
260
1048
199
1119
1189
1239
1283
782
1096
1098
722
1130
863
455
831
563
45
664
473
421
34
1230
447
1052
906
104
963
470
859
651
246
1033
47
315
173
97
235
776
1064
768
89
899
1051
1112
928
143
120
1339
390
342
368
1252
774
64
796
1009
47
1276
717
508
838
855
530
767
1361
958
460
1159
623
1340
432
339
1347
644
999
554
1016
347
1198
578
928
1071
1206
107
28
527
1142
1314
251
233
209
131
294
497
475
1356
375
247
418
964
303
1164
1094
585
485
178
256
1394
1267
106
151
287
205
922
1067
319
290
615
1140
108
179
998
1166
765
88
681
574
489
975
1175
377
1154
1441
999
833
401
531
942
1133
1389
448
247
1045
577
383
439
294
1461
779
146
390
1140
1335
820
810
1201
443
661
156
383
840
63
228
1468
327
949
971
1346
860
294
535
1372
1449
1316
825
1078
319
731
209
78
231
1487
383
1191
1123
104
1057
1266
1049
826
80
1353
1458
655
406
717
256
1048
682
1116
385
230
123
1380
1168
671
807
1426
1502
353
1360
937
152
855
1208
113
979
1456
812
215
21
861
994
420
599
957
910
1077
1317
331
512
1193
559
689
153
369
659
510
1511
266
1132
1014
1124
342
607
73
1252
117
1064
1423
1275
707
606
1287
1558
1431
741
831
507
1051
1466
785
63
1066
1014
701
811
379
1056
465
1560
1051
927
663
434
1296
502
1315
787
392
401
743
670
1486
809
439
51
170
529
1445
255
1489
1549
79
1607
147
267
786
664
1460
422
1302
1323
1220
685
150
664
1002
1550
873
392
1360
1395
297
600
137
1254
199
29
1004
1252
545
35
1320
1175
639
403
1311
965
284
1164
88
1555
921
1339
27
1614
82
717
593
1153
1607
1330
1522
1274
198
1639
1042
878
595
669
1470
1547
466
693
1115
252
1193
1000
1320
692
1100
1379
526
92
48
949
1348
358
22
1452
1599
1478
635
155
1538
1255
113
1449
1477
961
138
1081
189
1063
382
1509
1011
696
1383
1663
234
1227
67
1120
1045
1017
1486
809
461
1258
1220
801
588
1353
977
217
136
1520
1509
560
969
90
839
611
1106
1245
1666
1069
3
705
712
1142
1515
33
261
1301
428
1245
44
1506
1130
381
578
642
433
1366
891
1677
443
190
613
1125
1114
1163
794
677
724
410
1217
478
1391
1115
1220
1767
40
168
1364
170
1509
7
1250
351
740
734
1590
1256
1280
1382
47
1171
215
1399
742
297
1518
1666
537
1321
1321
336
1452
1593
1113
1342
1720
475
30
437
360
1480
1212
842
858
1354
849
1109
1553
1627
836
535
340
142
831
551
932
500
1463
1668
1045
301
450
1344
1688
588
948
482
1446
268
1499
794
1493
1781
1552
1770
343
1460
1158
86
1032
31
1818
1166
441
1099
767
1320
853
29
8
905
985
130
1573
569
1501
919
278
89
1023
1530
371
558
154
913
486
600
622
1163
240
508
1377
445
550
1774
332
1305
958
1849
7
63
869
1528
291
401
1844
1758
1383
722
1253
796
312
1538
820
1860
1500
260
1626
746
717
1000
650
178
461
878
1872
1484
781
1829
559
1326
613
1186
1541
848
314
859
640
878
893
1215
293
999
1598
51
1921
809
300
675
1008
1274
571
248
1016
214
1164
1440
376
435
1077
597
680
518
206
1014
862
206
1475
310
1158
733
90
1340
160
1190
103
130
592
1874
177
301
1443
1136
1606
1081
1920
698
1812
707
31
1678
1019
1376
1855
453
1638
1902
192
1300
703
1337
399
944
1720
1471
474
910
1733
1617
688
1547
445
453
1027
