0
0
1
3
3
3
5
4
0
0
10
2
5
7
0
12
12
13
2
8
13
12
11
12
17
1
26
1
0
11
30
9
32
3
29
28
34
3
21
3
1
36
8
30
7
24
44
37
19
22
10
34
0
1
33
55
32
17
1
45
31
57
35
13
36
14
30
31
60
25
47
15
38
6
60
18
18
76
65
69
42
2
65
56
35
79
46
32
56
29
9
51
40
15
36
73
5
92
13
79
53
100
91
4
63
24
88
57
31
51
64
37
1
68
51
50
99
62
62
23
12
54
9
1
124
51
24
17
41
21
66
89
70
81
36
15
25
23
37
121
32
23
79
32
94
37
23
131
82
89
147
62
38
104
19
84
24
62
56
157
62
16
50
105
37
51
24
85
47
90
48
19
0
105
19
122
100
82
21
60
6
158
25
80
127
78
100
99
181
182
54
63
49
29
177
190
73
184
36
33
35
36
177
60
12
96
134
24
60
180
93
148
170
147
23
172
36
160
126
185
177
17
77
152
1
179
70
209
18
113
130
17
109
92
32
102
127
203
165
91
156
47
15
178
175
29
21
164
61
124
76
67
102
178
242
192
91
201
109
142
26
88
35
64
116
223
169
148
31
114
206
100
131
270
134
148
84
229
47
38
23
68
58
113
230
16
271
279
111
39
190
124
121
51
117
165
110
84
285
229
15
190
165
200
186
120
229
214
200
236
274
132
129
225
43
297
313
151
15
51
59
131
69
184
82
103
42
4
217
42
298
14
243
48
260
108
336
292
15
276
319
268
305
231
178
291
75
124
108
180
93
308
86
127
158
172
267
68
235
162
98
121
10
118
253
66
233
36
351
232
157
76
272
105
93
232
152
35
291
85
73
67
361
241
17
274
316
22
85
45
278
255
204
50
140
31
396
155
74
19
391
126
286
213
32
38
359
139
94
41
274
4
325
149
17
261
319
384
93
398
202
193
128
340
31
102
98
208
184
92
17
411
162
269
381
285
156
300
126
146
26
298
0
46
361
38
81
73
363
347
59
434
272
328
361
186
161
39
387
454
411
181
275
183
215
211
249
380
304
247
22
464
9
428
17
348
183
123
294
303
290
47
288
389
11
33
20
43
57
195
476
263
195
491
413
123
476
100
58
304
161
457
251
259
250
299
316
52
357
123
226
448
158
467
38
406
151
376
415
298
161
170
236
65
414
254
107
432
16
234
359
393
138
194
71
473
77
497
198
50
448
2
481
172
174
198
459
261
24
44
238
394
184
177
274
247
198
140
220
394
383
142
52
142
16
530
516
105
185
122
37
150
316
10
171
258
524
289
141
141
21
562
244
237
16
492
353
143
223
550
340
57
581
125
588
145
105
272
464
19
494
13
599
337
556
125
90
1
412
358
474
126
528
3
82
258
210
142
89
406
93
251
374
598
131
45
91
108
213
371
284
459
251
59
152
173
613
396
115
407
205
388
483
255
178
277
374
237
58
504
224
344
640
250
188
195
51
546
213
154
576
482
531
171
130
85
417
53
535
331
279
213
623
94
643
254
23
10
75
488
637
504
163
489
259
267
572
253
681
517
450
396
567
396
629
483
123
326
527
410
337
204
372
424
412
477
180
370
651
684
461
411
645
99
559
588
355
558
533
140
284
236
721
532
293
498
39
139
460
207
259
381
470
406
188
19
20
70
536
535
430
164
679
480
128
556
249
79
358
19
620
372
268
656
598
399
42
405
234
717
61
451
716
266
232
87
594
648
668
278
405
540
36
522
321
25
354
169
558
208
252
729
168
481
427
541
193
345
158
772
0
784
533
341
200
446
513
662
603
44
24
151
564
561
576
432
27
133
467
798
28
656
229
252
226
667
341
213
101
413
615
70
218
50
761
531
768
218
790
88
373
71
10
582
51
394
776
100
183
259
527
433
326
232
142
499
512
546
833
388
162
773
311
846
201
587
683
496
820
479
606
627
79
407
611
68
592
506
794
523
302
562
51
113
191
731
246
432
471
381
604
612
536
115
691
573
795
9
636
418
630
142
628
836
500
4
665
161
758
613
40
521
831
371
552
263
649
819
761
685
48
612
557
447
282
875
451
406
117
232
91
864
811
552
601
223
11
29
615
53
7
221
388
583
341
694
200
504
615
531
445
60
154
737
736
429
593
112
43
293
393
848
508
779
286
363
759
314
642
604
143
904
717
161
142
507
149
538
394
115
629
8
871
568
321
139
697
209
764
823
383
862
193
694
743
874
367
149
720
545
17
754
897
348
509
372
176
341
601
592
500
923
146
946
248
667
463
467
999
324
106
273
616
917
611
862
100
988
701
495
223
953
1019
697
219
902
701
987
984
294
420
451
257
906
355
24
601
492
519
966
508
621
78
216
584
668
304
731
813
409
1016
212
624
613
957
784
779
582
222
552
984
1028
877
475
147
470
142
576
646
295
1024
319
19
240
237
223
433
59
560
942
256
704
181
51
124
532
499
434
294
658
124
603
889
342
425
647
353
1015
672
1056
973
639
70
812
991
998
79
423
734
480
713
519
273
419
768
561
109
1009
480
214
963
1105
615
30
796
523
690
711
206
550
977
300
166
15
1052
67
810
1061
344
750
430
930
1013
87
1030
384
719
225
639
120
680
1139
1152
704
821
1074
115
502
522
466
823
171
391
310
483
305
955
1077
1111
1124
500
631
863
749
514
93
125
69
39
723
639
572
504
264
510
775
581
702
403
206
730
826
907
12
94
31
350
96
929
1073
72
784
724
693
1166
1094
905
742
867
1171
739
395
853
740
330
216
476
830
583
209
545
842
466
186
981
1084
624
373
98
467
1121
145
664
200
82
888
1080
401
1130
522
645
670
184
432
611
604
901
533
194
508
659
455
1081
845
61
928
635
341
158
243
1093
142
1048
311
1222
58
821
585
537
351
575
29
488
441
147
1001
1259
973
371
1179
1011
1231
1199
850
175
164
528
756
104
688
1143
908
584
432
636
1183
527
1105
842
840
412
1142
1205
1063
735
640
621
1178
1140
318
974
1158
396
601
111
760
26
656
83
1006
775
447
236
300
1011
1283
170
844
411
810
862
0
93
576
771
1167
777
447
268
1163
1228
91
1067
783
823
1093
79
530
813
54
13
532
1018
777
511
442
690
776
1004
419
1075
959
1048
869
1017
1086
1277
1252
864
542
1370
222
106
1139
841
21
1374
893
1336
481
1028
170
1134
327
359
391
61
527
1082
778
180
473
968
1135
489
546
778
293
761
1222
416
801
65
52
567
1362
456
337
239
206
1059
959
510
806
1391
175
1093
314
37
1306
484
593
1264
605
1114
96
345
1186
1334
803
428
1179
863
970
479
1422
1324
617
44
325
848
45
1193
947
937
1026
2
260
105
1272
927
109
259
633
1009
886
404
20
528
765
84
778
977
408
305
82
1182
444
24
478
907
761
10
582
1045
1268
1232
191
525
1306
957
331
1197
573
926
164
969
899
277
223
802
236
1294
146
491
458
1270
544
375
1125
915
1156
902
669
1223
1257
293
1377
1448
435
981
1481
526
983
535
1460
491
1155
465
485
1339
342
85
247
762
761
485
150
1365
232
572
122
1489
1140
727
395
775
930
95
643
967
587
217
1149
450
0
934
1544
922
1063
1001
495
1105
1171
871
1544
919
441
995
1179
324
1500
256
1244
168
905
455
300
480
943
1192
170
72
1105
469
712
1118
1152
389
608
127
661
562
264
503
768
643
1354
1446
1244
290
1428
1382
561
1380
1445
1273
1146
406
458
145
1154
397
1217
1362
1110
41
299
385
396
442
1393
647
526
1443
807
312
517
879
1314
1107
872
198
1340
1082
449
1469
910
912
237
298
1456
793
822
31
1053
783
80
943
1167
755
278
269
1103
794
432
368
891
1304
1460
377
1608
119
623
260
1073
239
765
211
263
685
1499
746
1338
1116
986
270
1173
833
188
862
190
446
483
1556
765
497
542
945
976
1180
1124
362
1634
1593
1485
440
177
309
581
1414
874
481
529
1383
1628
1108
627
247
1128
1357
373
1150
1569
832
688
397
68
454
955
501
1318
687
1488
28
317
1049
768
1657
895
469
438
768
491
914
1708
1422
1449
1045
392
469
848
1537
241
1487
1043
467
753
752
1224
1491
1347
1535
680
778
133
566
478
818
1232
85
110
12
574
352
569
1658
1751
738
530
363
608
1327
1550
804
786
255
1392
1111
1251
1569
1757
1103
413
1359
1175
161
493
263
139
597
1576
248
913
1209
477
877
1656
1659
553
1445
1394
56
315
204
1469
1653
616
875
1165
1771
162
506
1289
758
1318
1587
894
747
207
946
1727
1006
1685
809
995
749
998
453
779
228
1018
0
1591
844
1612
650
316
350
997
1418
1656
435
870
1317
1309
1193
1283
245
254
301
1834
1347
423
1715
1671
134
387
1224
1309
1166
1101
1235
1164
1421
240
1536
1165
1108
1237
1712
1531
906
1261
1242
100
1252
596
1636
860
1827
1441
1439
11
206
1365
642
413
1507
1207
1165
8
1756
309
613
1621
1411
1610
1060
1626
1777
638
922
569
1165
523
1866
1000
1444
123
604
142
1429
1092
109
1105
0
1605
131
110
1813
773
364
769
1276
1388
1258
1285
1708
1506
1287
127
395
1868
414
554
582
194
297
492
1627
636
1608
435
592
402
358
137
1155
1371
545
673
931
179
1068
97
1616
1598
1109
690
983
967
373
980
1185
1254
934
762
1713
331
1671
98
1871
1708
1259
720
1681
1172
650
1662
1633
703
166
1566
604
502
1643
1879
1305
640
107
1593
1957
1598
1776
1406
1119
793
350
618
1467
956
1805
1729
360
707
1362
156
773
1318
1366
585
994
612
1146
1332
708
1478
1484
470
1895
1337
1453
357
727
195
632
604
1825
1280
1583
362
1133
1241
1245
1274
184
17
981
259
1783
1301
1770
193
1912
1187
504
461
1813
941
424
2031
712
811
1515
1347
818
577
1377
875
1769
1140
1608
1608
667
1834
1023
549
413
594
1386
1268
359
1073
92
79
248
434
1276
531
961
428
675
1472
1762
1375
830
1973
1418
1246
66
1274
1421
962
157
1260
769
1655
890
621
1673
751
1224
863
1087
213
1970
275
495
165
1369
1305
1249
320
753
1627
1300
1868
1111
1885
724
1646
2044
875
20
1509
1445
748
1138
362
361
1985
1076
2085
502
979
623
946
445
240
2020
205
1579
1599
565
627
105
94
1961
1171
1000
142
338
496
929
1465
1387
1889
1942
508
644
2063
1097
886
1523
1604
138
1213
2141
827
1608
565
906
1386
1293
1392
420
386
1268
106
382
1145
1036
66
9
184
1958
685
1702
729
275
1161
1600
1122
524
1837
253
914
2043
860
60
1172
990
1677
2051
947
1854
223
310
1363
198
657
1765
132
637
1850
683
204
382
1551
1148
474
655
277
1900
962
1207
1099
2101
1285
807
1067
1324
434
2017
1552
184
612
2018
1583
470
245
503
1556
777
1780
706
1129
1229
547
1713
1817
266
419
1264
34
830
381
2242
930
1456
86
1059
2020
873
1990
1542
1515
1767
1507
628
684
1793
398
1722
1911
1466
1711
1156
1784
168
451
728
1984
1118
1336
1899
295
766
2086
707
997
1020
802
374
397
641
1297
563
1853
572
331
2218
1214
1381
1907
1614
1526
912
935
1050
137
1428
1053
1692
1683
1628
1061
1212
1054
617
2302
829
2022
39
2219
659
205
1225
264
658
1316
2211
297
1205
947
528
612
2254
886
2245
655
1258
1019
1483
268
2117
887
585
210
1345
151
328
666
2013
1752
555
310
609
1727
263
2121
107
1459
2085
2349
35
888
1996
1895
741
1588
902
664
764
2036
932
2104
2238
2000
1443
2349
460
1172
1665
587
1254
2053
221
1425
564
1373
2190
1405
1255
935
965
1300
1690
1125
1698
2157
2228
566
1372
2278
101
1544
1261
1948
2328
378
778
2195
1563
394
1990
1546
1165
284
1289
933
775
1686
1778
565
2028
5
2389
636
693
1473
1713
1814
1706
1602
1659
76
1697
1010
1664
398
703
477
306
703
1628
2351
1423
1988
2135
1235
988
43
876
2302
1559
1558
1669
187
167
33
1430
1073
84
226
1476
2249
364
646
226
908
2434
1317
929
1660
1024
546
2395
1948
2441
1508
863
993
2082
2452
2241
1973
263
701
2109
531
425
690
2360
1118
1490
336
645
825
1859
1664
2437
2393
158
1093
2409
951
2357
1393
1567
1830
1191
2045
974
1165
1932
979
1500
1182
798
665
2266
814
1425
2418
1011
1996
163
1523
1140
2442
1143
608
119
0
916
2140
1337
1863
380
759
1914
2474
1012
963
1962
1299
1065
1756
1859
691
1957
545
1495
2465
2422
2433
392
2525
331
90
546
2459
1452
239
918
35
2125
1922
1451
1373
29
1329
2540
2372
129
1383
1145
1129
1839
1421
2495
148
800
115
1871
1790
671
2249
722
2369
521
1868
1187
241
411
101
1474
1353
289
1945
544
234
2007
1904
1385
1207
369
1894
1288
65
986
1570
1848
526
1879
1182
1565
461
170
1935
1630
1495
2434
2334
185
177
400
1880
1992
1840
810
788
2253
2519
135
1883
2319
2466
1766
46
1344
1123
243
2130
141
890
1743
756
2280
2279
1553
232
2633
2002
34
2505
668
219
241
1280
290
2202
842
530
181
798
1782
2161
1916
1560
1725
2277
317
274
474
873
2569
1528
1895
1841
749
2649
43
629
733
2333
444
2074
500
2276
2212
2483
615
2201
218
2296
1355
523
662
1713
1553
1635
2569
143
2655
140
1046
2327
2096
39
1317
2641
1126
2325
1491
1594
1509
2344
819
2632
2185
2539
405
495
1586
607
2412
1758
2529
1329
237
1613
574
859
390
306
1088
794
551
2256
248
862
792
697
102
987
2579
2720
1061
737
2724
640
1279
1909
1333
1254
1785
1395
54
1061
191
1350
2228
1421
1248
1395
632
1968
174
2285
2219
1499
1967
2703
1716
2075
1748
1780
2404
2633
118
2583
1958
221
215
76
990
1369
1732
2486
1364
953
199
384
564
76
569
949
648
2527
2012
726
2010
2097
628
222
128
379
2260
1553
2327
2406
807
1781
1764
575
2203
2349
2324
776
2313
1219
1096
1349
1852
276
478
888
541
215
432
276
1386
2377
2682
2174
2129
1097
2191
1405
930
378
2414
1288
1995
1518
1763
508
406
1545
632
351
1302
323
616
260
2409
1882
2465
2637
1138
1711
1509
459
2091
918
446
161
2066
790
2460
2567
809
2369
1261
2677
1807
941
232
777
161
722
2152
2656
2110
2689
2727
290
1027
2096
785
2157
292
2638
580
147
1915
950
2582
1590
2224
1281
653
766
2728
277
584
583
2085
1747
2051
1477
2556
5
1615
895
1792
1856
2389
1652
1739
706
465
1243
411
1762
151
1879
310
844
90
165
1763
2159
1670
1225
877
674
2655
327
1140
1003
2289
1948
787
2872
2320
1505
2574
1551
835
2672
1928
690
329
1395
1117
1227
494
1069
2902
519
460
1703
1969
1122
1865
398
2369
1989
2042
1373
1468
1360
1273
587
2765
65
166
651
1598
196
888
73
889
1862
1783
2911
2051
247
1668
354
1425
2841
2956
2529
2477
1561
1668
1077
2326
2428
2932
1758
2027
49
685
880
2814
856
1749
2256
54
2200
962
1631
2961
2583
1316
569
1874
192
969
288
1342
1554
1660
2440
659
567
1073
2435
2768
2736
2333
679
896
2062
810
925
2110
1891
330
1816
4
1401
2317
36
839
2237
2
2922
1768
2870
2525
1361
1210
2073
1383
2912
2892
718
2967
1446
22
1388
146
2086
653
369
2119
2871
2525
1218
1546
235
1884
2341
2152
1083
1615
1722
345
1657
2724
3005
1435
2020
2974
861
2124
701
880
802
427
574
862
1322
2662
2205
2164
2523
1648
1701
1349
84
10
711
1129
1719
1593
1250
56
2843
1024
3003
1288
110
1618
2470
271
1163
228
1645
1707
751
1092
2589
1637
385
555
2737
2686
1367
2630
2136
1965
764
3071
1803
930
671
1812
1054
1957
1368
2505
1290
2618
2562
2974
3046
2833
2152
1984
2127
1454
415
426
114
1800
2841
611
1752
1542
1373
2840
1802
1415
2886
2631
2553
1177
576
242
1755
601
1843
1803
839
308
1096
3046
2501
790
1100
2589
324
810
1362
611
429
657
2231
1357
1107
2777
485
548
2026
901
1975
1425
31
2526
2759
19
813
163
249
1762
2398
2703
2085
117
671
2598
2078
933
52
2922
1559
1059
3087
1595
3171
3147
132
2597
2701
829
3195
1560
2864
1564
311
2554
554
2723
2962
2648
2895
1451
1818
864
1632
207
504
15
3122
48
2903
1676
1718
175
1615
1815
804
3079
538
2505
1967
870
1108
3032
1901
2000
1894
3065
876
1130
309
321
2885
2426
1070
2163
2920
2334
160
2224
1944
2302
2583
2691
147
776
2711
2288
2324
2832
833
2907
2617
1982
2976
753
2899
1588
1426
851
755
1592
2431
2429
2821
2408
840
2110
2251
2103
1102
3145
48
3127
2451
366
2477
1278
2161
668
959
595
112
3008
2989
275
1262
1124
57
1553
1145
1886
1404
2350
2340
84
798
3122
3132
1249
2882
278
1842
104
1369
1589
173
2877
2
278
2827
985
2777
1563
1733
2714
2737
2360
1045
965
502
1412
2367
2746
2822
2899
3174
1339
1026
848
474
1150
658
993
657
671
2173
1267
2203
1655
2295
49
1459
967
2392
1024
1947
118
2676
971
1770
860
3105
582
1925
1873
318
3374
3109
250
1840
239
298
2442
1174
543
503
2286
3255
1785
487
54
3185
2519
2023
1906
1405
2647
2911
2537
2091
2845
1447
2117
3054
855
2827
1896
1055
2536
2572
2829
626
2120
3071
461
1820
595
1411
1884
2030
2880
1006
1654
1851
3158
918
354
2697
3299
3413
1172
1991
3422
1424
3037
71
1606
805
2183
3121
2067
127
1569
111
390
1189
1141
85
2743
370
225
1489
586
383
1881
982
2829
742
252
326
1336
335
20
2363
497
432
2365
1222
584
1646
2935
747
1329
2034
3169
3106
2596
659
1740
3367
3323
1013
375
1078
2965
304
2701
3345
3267
2663
1798
2700
2458
1164
2765
3034
3172
2201
1117
3153
2702
1935
1471
3152
3354
471
589
1851
2558
2466
1741
1286
371
433
3287
3473
2025
1077
3241
652
985
2887
3163
236
2310
2548
886
815
2351
1840
1662
2579
1477
2490
3252
3476
3266
1687
2520
144
21
2151
2136
2842
2820
1080
2301
114
2556
3563
2203
3332
2357
3098
568
3348
3436
325
1834
2677
3183
1388
2597
789
570
144
534
3069
659
2535
2874
3030
1631
382
3189
3027
243
2335
243
263
1367
3110
2426
2324
2168
1660
195
1250
3461
2021
646
1873
3187
3230
1433
125
3039
3179
1809
1933
2162
3573
1892
2660
2081
1804
2615
543
1047
458
82
1668
482
235
2109
811
728
3127
1151
3593
2929
700
1230
2538
1678
465
1615
2535
1722
476
491
2632
1142
292
2303
538
1260
2256
195
1209
375
2967
574
386
2369
1150
1340
1822
1706
3548
1009
2466
1249
2489
455
2034
2133
2883
1748
3274
2960
1865
1724
3071
1429
945
377
3060
1178
2355
1231
2416
2500
3542
1410
2225
1835
2874
1456
2494
292
3388
1266
827
1177
344
1134
3096
327
468
558
2604
3285
971
3013
1345
1449
1583
3347
2314
3628
1749
637
2610
1662
1910
453
1085
1418
2720
559
362
3119
2501
3420
295
981
2374
2588
2604
524
3643
3539
3201
3109
875
436
3213
3209
1463
1698
2157
3523
3250
2914
1991
907
158
3367
135
2058
1542
1147
2288
767
1359
504
1278
3725
1263
28
647
1807
202
1440
1116
3742
2410
2398
1162
2223
3428
2649
2153
2296
983
3164
1421
653
487
1446
303
1115
3013
1503
2192
1795
3301
2903
3557
2520
3408
1772
1504
3370
468
3604
3664
2417
1857
1708
795
3066
2610
2334
1561
1232
897
2044
1148
1333
1795
845
251
2116
2329
3435
1761
1327
3001
1273
2064
1962
3719
3767
11
730
2542
463
266
1796
1441
2830
1931
789
842
2380
3765
1001
3517
376
666
589
3145
537
441
2388
1676
2670
2807
2069
3265
2120
1495
2698
1224
474
1926
1309
3438
79
1325
2531
1800
1295
3553
2408
2511
2921
644
3147
1486
955
3406
1574
2922
3161
2719
109
2553
1840
656
991
1050
3272
1653
1620
925
1850
193
2457
3781
1452
2599
3064
188
363
3268
2556
767
1163
1011
1498
1421
3653
1066
215
492
798
3751
1922
3179
3732
2740
2157
2975
2751
3503
3653
1061
1170
475
570
3035
2022
2844
1681
3219
104
3267
1606
3171
1980
2837
3411
3740
2494
94
2744
2248
3728
3200
80
1258
3544
3480
2303
1440
3800
2147
1922
3500
1913
693
623
3456
2609
919
1262
2186
642
2260
2279
1810
3855
2349
2795
3141
302
525
2516
1371
1573
1326
1620
664
595
1484
3606
2492
2651
186
1627
3624
277
1701
3431
999
2975
1919
1118
2144
586
3829
2810
3893
1069
964
2
1491
1541
1408
3022
39
2852
1067
75
3947
2396
496
1912
1842
184
1806
2935
3892
31
2324
3523
3979
3529
1152
1236
2395
3476
2533
2482
2756
1046
904
153
1254
1555
1788
121
3076
3401
2058
3248
1663
3990
95
1529
459
1648
176
1620
1069
2520
933
3888
2705
1943
541
928
1645
2859
1924
2818
2119
3972
2349
1835
1174
998
3710
2407
73
3815
1311
1829
3887
1418
4012
3779
299
837
3043
2002
1264
2878
3322
3803
581
1911
1038
921
3784
271
2002
3314
2031
1562
2305
2503
3785
57
2608
1589
1789
2733
366
2529
1893
3797
3067
2892
1528
82
3716
2515
1115
964
3359
547
3145
3138
2289
3789
267
2217
3796
1700
4098
274
2293
3295
3243
2877
863
217
1207
2961
2851
854
2475
4136
1916
3981
3548
911
2454
3882
3238
1717
3258
2778
2347
1400
807
2545
1796
3188
1269
3962
1690
1628
2949
1470
1429
1840
1734
2171
1618
2902
682
4055
3830
2703
2117
391
3867
130
1393
832
3004
2409
1365
1168
1829
1420
2870
1265
2440
3397
3532
3590
123
3114
936
2049
3381
1148
2110
1615
1897
242
3277
2640
1879
913
378
2177
603
1055
70
3380
2187
1674
2252
2891
2197
597
3129
1929
3942
4125
3218
1254
3408
3086
721
353
468
3649
3888
1873
1644
1584
1400
845
37
2494
1540
3374
1709
455
819
1632
1419
2825
1995
1510
1731
14
2358
2905
3411
4141
3603
3082
2829
1563
1614
2418
2289
896
3382
1713
1623
152
3696
3398
3641
3879
740
2195
1649
3599
115
1397
3731
3323
1010
271
3338
2504
3977
106
2175
2395
1731
2716
3405
1013
3236
996
1225
3120
4140
3570
2934
1943
2531
4178
1584
3111
4230
3163
3828
481
430
4082
4094
1186
4129
1507
1928
2014
1945
2259
2581
2736
4230
1567
152
4095
48
3152
2575
2759
2020
430
4271
457
3376
2828
1555
1908
582
1925
40
3441
3603
653
3513
1118
2509
2261
2316
291
2107
549
3253
1771
1922
930
314
972
83
2309
887
560
2388
3633
855
1346
2920
3099
4198
3326
1878
331
2875
3360
4352
4183
3826
4282
2163
1926
3962
163
4267
281
464
3514
1035
2409
778
628
3621
3355
420
2375
2267
1949
2555
4065
1970
2955
2966
1438
933
1971
1523
951
4227
4190
3639
3821
620
2668
164
3186
2388
3957
4039
2679
3644
4181
3585
3360
3309
3364
1353
3577
3727
1775
749
3315
4080
3787
1011
3146
1175
3292
3252
2713
1779
875
3827
814
254
692
2632
4108
1243
1070
1283
2275
4211
4155
493
208
1200
3886
3045
745
3569
94
3873
3224
3501
3529
2702
3440
2405
3652
548
4092
4037
2089
1230
1368
2246
2628
413
4363
1156
320
1612
1667
544
1563
588
2416
2626
15
602
1217
577
1810
2344
149
3946
4319
2896
2193
1446
1393
3697
3100
2253
900
566
2793
4287
1331
1814
3573
1231
492
3258
1171
1081
4278
2841
4480
2051
3136
417
4031
1399
667
2890
791
3941
115
0
2440
920
734
3380
4380
2574
2060
3467
976
1917
3634
2690
2486
3152
1126
3112
349
4097
4514
3349
2567
3037
4324
238
3368
1030
3645
2072
1470
1096
4340
1529
4146
1598
1511
1618
4235
4299
3986
3092
2559
4043
2202
2348
544
775
1591
2075
2827
3389
1760
1473
295
2479
1679
3727
1821
1614
806
4250
4013
2519
750
2151
2424
742
1504
1861
1788
4266
3690
1595
3932
2229
3598
2224
889
1672
283
1238
2640
3645
3433
815
4341
1901
894
2303
860
2402
3279
1274
1218
3092
4371
2503
1739
3315
4
3452
590
3747
990
1336
4174
2767
2792
1719
4409
3039
3797
388
2522
319
3765
3426
4601
1734
2056
3504
1398
2635
2027
571
4442
3552
4521
2521
4593
4295
3263
1642
3792
965
1221
3682
4562
3243
3147
1309
3793
3219
2554
2539
2561
926
3071
954
2027
3718
1952
2402
219
3380
2683
332
702
828
4467
2238
483
1266
3177
2755
3639
1554
352
1294
4255
28
1551
4551
2336
2212
1179
1366
423
2095
3295
2532
51
2231
259
3515
1830
1169
1127
68
1599
1191
2738
750
1439
1774
3568
1577
1166
3760
1515
1367
3314
157
3632
3141
264
4356
3915
1543
1856
1327
1398
1363
1119
3629
4022
1156
3744
3046
1924
702
1989
1953
4505
4541
1110
2448
2416
2969
2220
2853
4661
4006
486
3225
1250
3799
3581
1932
1096
1715
4176
2564
4527
3559
4523
2333
2752
571
4326
803
4364
3058
3569
3078
1338
3154
2812
2956
1752
1937
1499
397
2333
787
2179
608
3201
2071
82
105
778
4005
4461
2323
3497
2165
3292
1111
3974
785
3839
2449
1489
999
3785
2423
2668
4671
2296
1422
339
716
1950
3240
3361
4039
2703
3677
3272
4789
1181
862
3859
4589
389
4344
2914
3320
3399
41
3966
3747
4214
4706
4724
2437
1897
1167
4374
475
2905
1882
3892
2435
1731
1129
609
963
2299
1306
2129
3868
3544
39
1157
3390
2927
406
1781
2944
1778
4019
2873
2162
3415
4423
1572
2927
930
3690
2680
4729
2894
4863
130
2737
1511
2491
3286
4553
3595
131
4179
192
2608
1449
503
3347
2428
3206
3793
3234
4008
739
4367
4802
4036
3308
220
980
2804
2577
549
3222
1985
536
3880
2179
4080
2498
4749
4370
448
2676
1901
3995
149
3089
344
1070
1463
154
549
1313
1958
1058
2387
2354
4311
401
3883
3328
3056
4857
3471
2022
2250
2273
4361
3825
4589
2556
4865
3980
4338
795
4300
2702
314
2489
1946
4559
2068
95
4055
1109
2944
1372
4787
279
2568
3891
2994
3040
1397
4484
2177
2690
3584
3974
2967
1927
391
2501
3673
4154
1903
4217
979
4877
4187
577
4581
4900
785
3672
793
2276
2398
3903
4293
485
1612
3518
4955
1297
546
2062
4162
4357
2592
3125
4256
3588
1775
1022
4907
4288
1824
1971
847
2841
1161
4838
3169
2901
587
1747
1940
894
1728
4761
3598
695
3524
3185
4893
2175
2931
334
4165
3006
1296
789
1535
2355
4822
3139
768
3135
3692
3981
300
1769
4373
1326
436
415
3422
3909
1222
4155
3874
1539
3179
1476
1879
772
2177
3169
190
813
3377
5010
1796
4096
4857
4711
3656
1290
239
2442
2582
4134
4522
437
4617
913
4132
1074
2652
1322
4362
1758
2844
4998
2272
4671
2227
3616
4740
730
1379
4614
2255
135
1920
3904
616
4809
1676
14
223
391
4889
2146
2651
2729
4916
2342
4253
183
4612
1659
4765
838
1647
4833
2426
845
1816
287
3448
1446
1871
2684
480
4632
1599
4912
1646
1717
1170
3011
2180
2952
2622
5011
5070
3349
2599
1924
5132
2452
401
3575
1145
539
985
3848
1276
2913
3053
788
5142
4183
1737
2502
3705
2865
4463
3877
561
2440
3175
3905
4721
1875
4518
1113
1153
4648
437
1727
1293
2951
2456
1773
1581
4192
3781
2769
1272
5123
1877
4450
4018
3694
4562
1134
1283
1002
3283
1087
959
167
1590
4521
4247
1708
2775
4073
5185
2824
4903
3823
1404
4180
1689
4834
3682
524
4094
4541
5109
1732
3021
4335
1746
4090
3761
2270
4145
2747
4107
2907
376
94
3970
4827
287
2584
2414
1215
989
4395
1397
1756
182
2503
2497
2184
1528
4179
210
820
102
2394
748
3624
3541
4389
701
233
3488
2177
2749
1785
2035
4445
756
3255
2164
3376
2623
777
4766
1326
4472
5014
4962
1435
2651
2135
2320
1884
1119
5057
4637
3634
3547
528
4505
35
1249
2376
308
2432
1429
2442
2121
2743
1427
3741
2725
100
936
2572
293
532
3497
2505
220
1254
4914
485
4979
4717
2325
302
4446
2706
2923
4075
710
44
4115
1157
4798
1179
1003
2069
3211
3733
3396
5013
1266
2513
313
2831
4986
4117
4933
3034
4565
2297
1072
4330
4348
2645
1686
1677
1172
721
1352
637
3350
4441
2322
4596
2441
3089
3686
4517
1131
301
3150
3271
5117
3188
49
4877
168
5170
431
2353
3750
836
2956
330
2739
4571
2880
5260
4769
3765
1890
3076
1955
3856
4710
4620
3667
1794
1535
429
1294
5175
4708
737
1727
3089
439
216
265
1359
3972
2715
645
1487
4979
3308
2751
3927
419
4820
4484
2954
4240
2766
126
1302
2491
755
229
3063
5403
4058
1413
3753
211
779
4706
2657
3979
4159
3115
3933
2151
2602
3775
3439
192
4561
1751
883
2724
177
1991
4314
679
4573
4344
316
3491
5053
2824
2615
5094
2989
4260
1975
599
1610
4432
589
382
2035
1143
626
873
5112
3802
3587
1939
4790
356
4798
1403
1669
219
806
2400
2975
3918
2038
4128
1053
5301
49
3610
2033
3317
1514
2528
352
1706
4765
3571
861
3269
1968
1417
3651
786
1056
401
5391
2110
3365
405
3706
977
560
2919
1251
3165
1600
3441
4911
1201
3681
2825
5366
403
2258
3586
500
5208
3627
4356
2184
1534
2427
4851
1147
5445
3478
114
1216
1389
5439
1437
1146
5532
1217
148
1392
5234
2462
5017
4457
5461
4874
2309
2803
4321
5085
491
1959
2049
3958
514
1142
4711
5347
2157
5550
5440
844
348
1172
4096
5426
2083
4684
2090
1283
4841
1275
5011
1741
1856
446
4822
4200
3284
4187
1743
3644
3354
1058
2750
5506
5570
5479
153
1602
693
835
3586
416
2733
3160
4685
1491
2266
1123
2896
1612
3631
2579
778
353
84
4152
4302
4324
525
810
1737
4887
75
3491
3097
707
1517
4368
327
3652
5103
5497
459
1440
4276
1756
1290
3876
627
1412
542
5371
5169
2220
1068
679
5560
3531
5267
3449
4497
432
3167
4178
746
3615
1286
3109
1632
4576
1686
3228
5279
3674
444
5532
5228
1166
1877
1100
3624
1373
3573
1294
1308
3902
4741
2107
1636
546
5104
3514
3622
4955
3167
1122
1644
2663
3015
2886
2864
2222
3090
719
5208
3474
4102
5082
4001
246
2045
5097
3373
3026
8
4159
5579
682
2133
1768
4591
4904
585
833
2128
3360
2755
4704
5203
4046
1036
4044
3722
4970
1830
1731
3394
3564
4096
3015
1672
1330
3385
2413
261
3093
4007
2874
1477
529
829
4720
5490
437
2215
2876
5487
2794
1552
2927
481
718
808
5091
2078
4580
1647
3247
5079
295
2808
3623
325
4163
4640
4883
2955
3022
3876
3890
4314
4240
3989
1007
3804
686
3677
4484
2700
5667
5374
1536
2802
4489
480
1427
297
4623
3790
3055
3621
5251
4765
3229
3113
3861
1244
1445
3685
123
121
3795
3462
3231
2207
2024
2167
1406
1217
1870
1823
5057
675
1268
4903
1442
3197
973
2463
856
2260
1165
5521
1187
1317
2678
489
2887
4544
4848
4941
235
2854
16
3300
4422
428
1682
129
5542
2112
3485
3346
4960
2901
4539
3526
469
5176
4105
777
5825
1344
3741
1539
776
1688
2967
4923
5275
296
3740
1483
5049
3871
5642
478
5606
70
2341
5306
2056
2289
2153
1360
2610
3932
3087
3411
3514
2923
422
4971
1727
1171
4680
4349
3985
4061
778
2346
5793
373
1974
2519
4001
4789
1150
1869
760
4332
2092
4845
3921
973
2390
5414
2877
687
5600
4660
4940
3187
4405
807
216
1648
25
1565
3671
94
1840
1670
5350
4603
5172
977
4984
5327
5722
4560
2774
1559
1596
2291
707
2901
3900
1869
1757
1249
4843
3616
5919
2897
1676
3332
2768
4541
2379
3228
1408
527
2799
2930
238
4418
266
833
3869
2847
1932
994
3834
2539
2124
4180
5417
5655
701
92
1358
2145
4172
3545
2310
2366
4323
5823
5812
4324
4624
5295
1712
4445
4724
4672
3514
3951
5322
1021
3045
1370
4385
2650
2728
4917
2068
2043
764
5973
5477
3639
4467
2495
5510
1321
3017
1419
3825
2677
3912
5423
737
4184
5852
860
4009
2441
2724
4758
788
914
3890
5883
4477
4356
915
4368
5689
5561
1952
2695
1476
438
840
2339
1741
483
4672
752
4052
4400
1924
4490
4219
3805
3516
995
4287
526
5769
1008
4522
5666
1715
823
1547
4246
1393
3383
4811
5188
5142
3754
4256
1589
2791
6032
4171
961
4367
3533
3025
5536
3147
3000
5053
2074
5337
1029
3752
2172
282
2306
1531
5891
4653
2015
5134
3912
2234
791
329
1660
3178
3536
2510
822
1860
945
2188
2535
5241
237
295
2776
976
3060
2228
835
2748
4815
892
3954
1377
1164
3829
3752
535
1823
1462
6016
1518
5128
2811
1415
4241
184
1511
1151
532
4894
2426
63
5113
4094
5766
721
110
2662
6081
1851
1690
5698
5713
1393
4403
4776
847
32
1966
6138
5956
5636
5806
742
1794
1030
1116
3782
576
1330
3331
4283
2098
4878
4443
3541
3771
3239
5008
3298
3652
4553
1075
6048
4523
2117
1639
1892
2851
2749
1949
1886
4334
2226
4934
4784
4110
256
5857
4445
1502
1119
995
4264
3391
2166
4663
452
1599
727
2249
5191
2572
2925
3727
6166
4655
82
3342
3150
5022
4695
3500
5635
1279
1318
5387
2039
2066
3033
2226
1491
1224
5821
1489
5461
5495
2517
755
4491
4487
4357
4016
4985
4079
6098
4011
5805
953
3601
5168
2152
6205
2632
6084
1319
3368
3972
4330
4621
5878
3239
2753
938
6130
4738
4988
1711
5668
1081
6087
214
5657
899
4945
772
2997
3878
326
4485
5231
3766
3480
831
5891
4346
1485
569
6122
3431
3235
2582
689
4949
6076
5563
2708
2883
2401
4867
2414
5738
675
5637
3370
2579
182
6130
5273
5751
2314
3121
4270
2457
832
3021
5847
3386
1781
4636
1795
4680
5718
1836
228
2564
2547
5043
5399
6209
352
3161
5145
2776
5025
1843
5197
669
1409
4427
2166
6
1995
4525
3815
4121
6114
614
1794
3206
1956
5929
938
1503
1244
5488
2463
607
2300
3389
5491
5118
2594
2410
5760
4305
4624
2915
3830
85
3080
2194
4664
3705
2204
6295
2211
121
2074
2307
2281
491
444
2702
3121
716
3647
646
4724
1980
2490
5579
1454
251
3945
5468
3098
2029
1191
5738
6265
2374
3514
5705
3509
2840
5643
4281
1329
2929
4169
4226
2818
2019
261
1938
1704
2578
1124
758
1565
4618
5492
1171
3223
1233
5452
3293
3853
3951
2100
616
6033
2518
588
2014
3560
4565
5835
4008
5694
2651
4147
4302
1405
883
4556
514
2637
3558
1716
1970
5840
5820
765
1221
6074
6368
2852
2111
3844
4048
307
3815
58
117
2376
3765
4649
3457
6208
1575
1476
2034
3297
5419
3393
5088
3423
6290
6086
5052
5764
4800
4291
89
1114
4753
918
945
5467
1038
495
2378
4554
1980
3271
5364
1216
2495
3872
5893
5615
1667
4626
4543
42
2135
4276
4709
1659
6061
2509
5014
4409
860
6264
3010
1880
1705
4524
3412
2916
4971
1391
3642
4171
685
4207
4089
6336
1249
752
1482
1396
2544
2398
4693
1497
1187
6266
243
2999
667
6034
4071
6273
6455
1436
5922
5244
1923
5856
5103
1688
5681
592
3268
4692
4090
3397
5759
831
6126
6136
5664
1724
4222
718
3117
2924
1068
834
3481
1249
4973
3957
195
3382
3343
955
3804
2211
3890
219
1054
4804
3538
1191
1085
5966
4797
5878
4563
5344
5114
354
100
750
3539
5925
3585
2427
4795
4562
884
6418
258
2628
1103
2898
1127
2433
6320
690
1601
5514
2831
348
6385
159
3501
4860
2449
919
3620
1210
2083
768
6324
3817
1925
68
3636
6198
1206
6041
3558
4251
1343
3191
4772
3839
2468
4396
3798
5876
1115
4028
3190
4198
6518
5055
541
3745
5208
1883
4326
3102
4510
478
1171
905
5416
1816
483
2335
914
4507
6155
6081
5517
4200
3665
1774
4679
254
3425
646
5851
2343
4037
202
210
3524
1402
1384
2291
1333
5931
1831
3537
5566
5069
1227
2318
1520
2643
4448
5062
3904
5346
1665
264
1669
5809
6495
1465
4575
3199
1589
4143
2746
1080
1205
2222
6406
6498
2346
1884
3045
4870
4560
248
1290
986
3388
3527
2988
5005
2038
1376
77
508
2496
1062
3912
5742
4320
6442
3854
4753
6301
2912
2274
6454
5352
3917
542
6236
5200
1050
2219
4329
78
6172
79
5000
3855
3681
4498
352
1870
3740
2170
6317
5486
5119
4390
2793
812
4687
4022
5749
4720
6337
5727
4426
4714
2874
3330
1949
2079
3765
4501
100
5655
1543
6730
4467
1470
6593
5000
1666
3925
3788
3209
4760
1305
512
1806
4524
3210
2782
4232
4301
4991
348
2066
6451
6076
2999
3996
2709
960
3491
5566
6603
5715
5402
5658
444
370
3723
4631
2696
2462
5029
1503
2930
5202
4870
2303
3696
976
3549
3920
2554
1471
4249
283
974
3598
2157
1169
2970
4599
4191
3823
6232
4550
761
1030
5946
249
4230
3129
215
5067
2422
3954
2835
3676
5785
1008
5640
6263
1130
4818
1853
3492
4680
6627
607
6016
5690
4984
1091
3849
1371
1959
5043
683
5488
2144
5016
6520
4740
2896
2888
472
2127
6392
4563
1573
2719
3691
5290
6317
785
664
5814
5931
6855
5054
6498
6012
3644
6430
5561
2284
3860
2054
1707
4032
4881
3562
515
127
732
5925
5573
2650
625
316
208
5935
1707
2019
3113
4570
4651
16
3816
6676
457
6012
53
4041
4466
2930
6067
2089
3449
4231
50
3363
1912
4690
491
2681
521
1721
1903
65
2338
3809
5349
5279
5951
3281
3766
383
3559
6212
6207
963
6182
942
1785
2033
5714
4726
5868
2012
635
1956
4288
4616
2510
2621
5802
1664
1352
5194
3693
3718
4485
3343
5417
5369
4961
2134
518
2843
5826
4351
5809
541
363
5880
4201
4586
1827
5989
3966
6537
5157
844
307
6586
1
4023
2871
5335
3541
4892
4699
771
1148
6142
4836
1332
5032
5214
4972
3863
712
185
3272
6735
6237
689
5371
673
265
5846
2073
4413
1983
3368
1117
5581
5017
2942
4046
3086
5746
4098
5485
379
6191
6564
5487
5718
1604
902
5610
5613
4354
3943
565
4051
4474
2285
5486
163
4830
6328
1233
891
3482
5494
4573
968
6774
6955
3380
2012
630
6369
6117
6686
5859
2006
4868
1636
6292
1154
855
3328
5794
688
3520
5012
1680
6047
6147
333
2853
5362
5683
1934
5878
5184
2768
4337
1094
3625
4716
2490
828
6808
1021
6269
5573
1907
4443
4104
5706
1088
1057
2002
6321
2645
2929
5196
5745
1888
514
2917
2370
2388
2265
3180
5430
6091
2449
648
6803
4793
1645
5
1769
6139
6577
2412
1984
4852
1183
485
286
7041
3475
513
5631
5001
3395
830
7146
4209
171
1700
5417
3083
3585
2741
6026
3728
5320
7004
2985
3741
626
5183
6432
4703
2476
3040
1533
1765
6316
1360
6499
2370
4093
116
636
6770
1371
2919
3494
322
229
4895
5895
2465
3665
5189
3798
411
6009
1287
814
3869
4385
4110
2064
2894
1634
5181
4540
787
3516
3618
5702
4957
3247
6306
6094
4712
3963
5946
3401
4716
3088
1984
4701
1992
3705
5683
720
5229
5639
677
5455
3506
4179
2587
4821
6053
6686
2629
2520
1167
5510
6586
6249
1561
6150
4370
1172
801
5487
7087
5788
1609
4703
5983
4352
740
6208
3484
4300
4170
6871
7209
3558
2620
7050
4226
5527
4072
5287
5657
1732
1085
4890
101
3804
6988
5396
3710
6507
2829
4878
5466
4385
352
2041
4418
118
2417
6560
2563
2881
923
7174
4134
4337
5054
3767
6886
1855
137
2777
2960
4374
7131
3256
3326
6774
6246
3090
6575
4465
6262
3819
423
6221
2391
2606
6442
6430
69
899
921
405
1183
4892
5868
3720
2384
2541
3465
5331
5314
5472
1241
251
5610
4381
3363
1607
435
5838
333
537
2420
5595
298
377
4710
5067
814
6381
6172
3483
775
2551
1297
1306
5232
5260
5098
1560
4889
7283
1942
4211
6853
2361
6635
7309
2859
2339
373
7092
524
5950
3480
5557
5425
1617
1685
2007
4165
928
3203
5383
1744
3804
5407
4119
4959
1035
5266
1885
4253
7359
2013
242
5796
7321
3784
2270
2713
6306
3406
4079
7014
6350
76
5573
3847
3293
1968
6351
4257
5493
3796
3395
631
3625
4009
1648
3727
6224
859
267
1132
4540
25
4157
6413
5346
1858
2309
7396
4078
871
1440
6680
1883
3513
1705
6531
4543
2862
1820
7082
4833
2436
2861
5639
1361
3757
3917
4747
3682
4305
1792
1171
1320
5532
1519
7444
3507
7271
2241
5836
7228
1049
4834
4249
2158
3838
2689
2304
6905
4576
6764
1721
7335
5493
2504
1412
7016
3190
674
4196
6974
7070
6966
4458
6898
2845
3428
5499
342
5229
4450
5898
2513
901
483
1062
1979
19
6605
7228
573
2683
5837
2671
372
7093
1851
6605
5787
5687
2044
146
1338
6263
169
5275
6208
160
4949
1071
4578
2659
18
6897
245
3616
1937
3776
6606
1939
606
6260
2218
1963
6584
3146
1053
3746
7383
1370
4064
5744
550
6
4518
3887
612
1402
1186
4052
838
2996
3256
2494
5104
4941
2741
6128
5349
1946
1585
4570
1979
2272
3233
4569
7449
329
1365
3027
6060
469
5695
1488
1265
4296
4082
1805
1247
1447
1092
453
3086
2567
6557
5086
6134
189
6705
6449
487
6776
307
1364
1830
2852
940
3971
1580
3712
1096
2625
3750
946
7157
5745
5466
7023
6753
5978
6370
2487
5580
2296
5300
6656
2421
4427
2943
5833
3341
5362
1862
841
7499
5067
3383
5317
2909
7098
6944
6411
3941
2628
3140
7490
2979
4595
3890
925
149
3475
147
7220
6804
4016
5680
2240
4138
4201
5616
328
4991
335
1017
4475
4949
7323
175
551
646
2389
4017
27
5495
4644
2920
6769
861
489
1742
6930
1416
650
648
5647
6106
6098
1611
4868
5139
4092
7112
416
5943
2235
512
5654
4643
4150
5230
810
7226
6828
4914
6376
2218
5315
6700
6559
6509
1612
464
7423
6
1909
6743
3462
6293
6693
5760
4804
4069
6735
2763
4792
2172
5147
3008
7082
1693
76
6598
2152
2143
7597
789
7020
549
7062
4074
3147
5308
7064
4500
3193
3855
4813
4239
7701
5861
3486
7634
7160
7007
6615
2664
4219
4177
2075
2178
1180
835
6596
3066
5994
7142
4483
5926
7535
1056
2036
5402
3085
4470
7386
6757
7480
1026
3615
4171
5965
2999
5225
5396
3661
5262
3567
7616
7388
1023
4489
2867
6226
7315
7212
433
3669
7281
5009
4031
6390
4082
3049
7446
1952
5247
2991
7532
202
3658
5411
6251
5664
5954
3953
4692
2206
5757
4010
3167
1017
453
4737
3056
6293
6332
3178
3764
257
4049
181
5770
423
6981
2827
2357
4311
7168
2578
1212
4036
5601
3533
7446
5503
3338
2035
2395
1659
7088
6923
7573
1809
1799
7779
2238
2713
1123
5509
5553
2196
2369
5030
3759
1505
3260
4560
1318
7107
610
840
6827
5564
6307
6202
6985
999
1439
1819
6464
5997
3165
1279
7169
4351
1206
3916
4844
618
5713
6288
6063
7245
2809
6099
6846
1131
4557
5597
2478
1433
4170
7307
4308
2820
5974
6149
2566
6644
244
6985
3928
5124
2147
7819
303
3308
4965
2155
2917
1453
7341
356
439
292
3381
6716
6865
6276
4155
516
1879
489
4407
80
2787
129
5625
7865
4085
6488
7529
1384
3952
4642
2976
5156
3913
2547
3574
5440
7278
7229
4071
2092
2142
6183
7717
4154
6895
4507
2957
7332
6252
5135
6947
7170
6247
7421
5173
6504
6519
6950
1057
4697
3597
5644
1726
4335
4132
6783
1575
4187
5542
4429
5832
2189
6704
4719
6663
2388
1555
6982
2720
6349
5947
719
1176
3126
2429
6407
3183
3011
6082
5131
4958
5581
2592
512
4759
976
2506
6561
3813
5586
2911
1291
1718
7613
7254
6084
3848
4528
3146
1062
1595
3088
983
2352
500
353
3620
1941
3917
7069
1883
2136
1635
1956
2682
5993
3058
214
2868
3526
2490
3511
412
2215
4093
2787
5078
34
5114
3768
6581
3688
3815
3117
7556
2658
1176
757
1145
7331
3494
6429
5850
536
4094
3070
7265
260
7929
1842
4340
2309
4846
1450
6798
57
6304
5464
4880
1597
5997
5738
5000
665
4459
2716
1033
2202
4399
4662
4155
4046
485
1171
2130
7058
5760
783
7460
1754
4782
3238
2326
7964
3179
7904
1997
427
7678
4850
2633
2201
170
2769
6638
2618
5982
3070
4469
2423
1674
1316
6520
5836
3874
421
7624
6411
3102
7730
4146
3367
4111
3722
6919
7780
1554
781
4885
427
2847
7833
7663
1220
3117
6665
3784
59
672
5732
6331
3754
7991
5506
8083
3918
4701
5331
1804
6014
2620
4142
1632
1216
2324
7245
1448
1673
1365
425
847
3709
3626
4226
7871
7165
7741
5793
1837
6700
3238
1872
6179
5012
7831
2400
2704
5219
5639
5669
971
6433
4943
3854
1600
3548
6827
3256
1842
2651
2820
6540
7982
5484
4158
6061
1682
1709
635
3993
4638
7148
825
6965
4331
2418
6193
8196
5809
4918
404
6225
3347
4429
2025
3020
1576
3721
5079
164
4358
8097
2318
7204
6244
3474
3169
4345
975
7738
3788
5297
5919
332
6493
6049
3989
4103
8154
4078
3765
7947
528
3838
2035
6013
1794
2866
7196
1779
1302
3088
389
3138
6178
2083
7062
1691
6350
691
131
7847
5870
2410
4263
3313
3827
2622
3064
4171
447
3913
7177
7971
3758
4927
2830
5542
7131
6017
5288
297
4140
5702
2759
7997
1208
2201
7205
7201
3192
2083
2962
1287
4051
7542
2824
1998
706
996
7544
3710
5295
3692
5817
5639
173
1904
5699
2059
6182
5112
1165
8291
3490
4823
791
6777
329
3960
5464
7589
6080
7314
3707
2025
1245
4937
5316
2881
8292
217
6399
4643
777
2340
8169
7082
5406
6499
944
246
3715
4231
8201
3024
7341
6751
1231
3004
6250
2859
6614
109
104
4781
8126
1657
6980
1126
7946
6111
107
5878
1860
2324
6875
6688
193
7166
6390
4645
208
7366
4393
309
2247
7460
3280
271
4387
6584
5026
4966
5554
3082
5891
2350
1775
4845
1173
567
6236
3638
6589
7310
6295
2823
3298
3278
7632
2500
3528
5173
1059
4789
607
25
5662
1955
7086
4517
5188
4784
4952
5357
3786
4182
3545
2873
99
6383
6819
5654
5109
6008
1034
5414
7251
5723
3916
8044
6853
3843
2321
6908
5507
2991
6625
3304
2043
5393
7328
1868
4655
8223
8174
6169
1986
5843
691
1735
8046
8322
7282
6100
4241
490
286
5540
6448
3766
1888
1966
4131
8246
3242
6993
2364
7290
5109
6885
966
2557
6283
581
5112
6993
6046
6152
2663
6741
7942
6162
1346
7253
2857
7861
6537
3557
2437
3096
628
61
5467
6856
1124
4261
955
4094
7514
6275
6596
7334
545
3644
396
1122
4404
1892
1349
7540
1824
188
3091
2288
1596
488
8064
1789
343
6054
5001
6193
6152
5345
4832
6842
7351
3723
292
8277
6046
1360
1243
6681
1141
2134
2091
7363
2460
57
5012
2939
5899
8224
1384
5672
3585
4792
6054
1574
4532
3744
3891
3900
316
5195
2592
2525
5698
773
1841
5314
1285
3042
6721
6851
3324
4219
5168
203
5348
4200
3875
5094
3170
86
8355
7255
693
2360
652
965
7284
8534
6479
928
3951
824
5693
4303
7358
6539
2568
7167
2418
4314
3397
6548
6476
3347
401
142
6975
1781
8412
6365
2324
7979
5792
7608
4
6979
3675
4511
8557
5120
7541
3418
1098
3231
5079
4129
6793
8109
3423
3921
4673
5941
8059
5307
4285
7541
8428
441
4817
8457
3628
7683
7116
2211
1653
5872
4295
4257
6054
5896
8063
8176
319
6832
8502
773
7472
7609
3026
7606
8366
7173
8329
2484
5005
381
702
100
2498
6091
1859
1601
5696
5501
3586
7941
1903
2706
6077
3167
7079
3424
8607
4186
3721
3097
5833
6367
6621
604
888
8306
6764
2480
1782
3896
2680
4213
2479
1281
7537
8591
4278
5224
3416
7396
2734
3696
491
7364
8218
4616
2506
8459
3942
1600
4311
551
2528
7075
5672
3681
2445
8365
5670
7283
2953
1005
7886
3843
5081
4649
6110
2903
2946
7853
1036
1769
7773
2810
5423
4043
7355
7417
1580
2459
8233
6280
5207
2914
6130
2821
5442
872
385
5970
2714
447
1714
1604
7242
7010
2981
3434
8303
1412
5059
8127
4670
172
3421
3458
2329
5900
335
6790
7072
3571
947
8584
3287
5667
4603
4738
4705
8728
1780
5512
2693
3521
2521
1240
1833
6799
7748
249
1857
2803
2438
915
3593
2632
2237
7712
4664
3277
1223
2695
5346
6964
2039
4772
166
2563
7878
5465
8308
1021
640
8725
4189
441
678
6401
2181
6344
5038
4987
6603
2661
5725
5563
2584
1588
3065
6528
8745
4898
3077
1756
8057
3481
1716
5772
7906
3803
2328
706
2459
3005
7988
3745
6419
6724
1281
4300
413
3458
7539
3899
2740
8236
2783
1870
2669
7339
1512
7344
8675
717
6310
7267
5738
1044
7767
5685
6511
5184
7086
1265
864
3168
2394
4680
609
4421
6933
7601
5127
8398
2169
984
3621
5829
3544
6336
82
6176
4371
216
1043
7436
5094
3128
4145
3360
1696
6557
6076
1286
956
3155
2034
5334
8273
2558
3653
2733
6161
7941
2672
3923
4054
4835
7711
5816
7954
5012
655
3000
6930
113
938
3787
1303
2097
3576
3397
4880
7423
51
5729
2330
5149
1824
5317
1092
5586
4432
1863
5311
4615
7168
8171
780
7768
5210
4834
8336
2483
2009
6178
8695
6579
1299
1234
7292
3481
1665
4366
5666
5001
3131
4092
8742
4950
8189
7088
6871
3088
1219
7184
6371
6715
2075
173
4101
5218
5150
1513
8391
6044
3334
7494
2633
7232
4778
6945
8047
7570
8872
5286
1227
8300
6787
5716
3047
1354
946
3054
5552
5792
3073
7531
2745
8396
419
523
2453
659
6645
8749
2222
962
4860
4897
8590
790
5022
1781
3911
8981
1557
7810
6958
6329
5796
1871
860
9030
5589
6166
1794
4306
3334
2999
5467
1360
7587
8374
6502
3687
6203
2945
7219
8540
266
3567
3429
8502
5316
8707
8116
7904
1184
7018
170
4107
27
2256
6556
3691
1070
6394
4910
7128
4465
4290
5795
6425
1373
4155
6324
1934
7415
3861
3994
3266
7470
1138
6938
6527
322
4042
5200
8031
800
7477
7582
5593
2307
3603
5470
4404
1445
7578
2862
5834
4923
4356
6924
7698
1973
2216
2443
7638
5960
677
4781
4991
6732
4667
5995
5215
9039
6047
3120
6332
2152
7151
3184
6992
2893
3298
8829
7675
1737
5789
4258
830
9098
1855
2896
6623
982
8357
488
2500
5876
4953
3679
5552
5003
4796
4361
6070
7457
7652
2772
3350
6610
688
8067
2185
349
1473
8293
4130
6852
7139
3647
1186
7617
5227
8857
5310
8936
3507
2594
4884
8533
5432
3630
7189
5219
2947
6946
172
3324
7974
4072
6491
178
908
4590
1662
4633
7979
5864
1279
6385
6955
1073
1987
2940
7312
7289
6010
5801
7806
3442
2449
5682
3799
3114
3351
3944
4690
5290
3069
9070
3779
2089
7408
4949
956
4964
2415
3529
5872
7800
1934
6286
6262
3735
3013
1426
8434
8392
8250
5221
4131
4822
5101
3827
1389
2665
5049
7582
3179
1732
333
3751
8800
7759
7117
575
6617
5989
4866
579
7682
208
6535
5066
7519
361
3521
5281
7312
2378
2349
850
1012
8347
6008
5866
2080
3084
1183
9159
3984
5749
369
5993
7202
977
9110
9107
3881
5667
3172
6321
370
4930
6334
93
1092
2185
1199
5178
2528
4894
2849
5587
5835
9095
6562
4626
6276
794
217
4194
5643
26
8723
391
7876
6921
1418
8110
8716
5317
465
2696
3586
6517
4338
7988
5344
3164
7089
4193
2494
7866
1568
1242
4109
7269
6122
1696
7477
7763
5653
6402
7865
2112
7998
797
3601
4423
7449
6282
2620
3644
3590
6293
1253
4335
7141
4009
5222
2036
2413
2609
7591
2115
2857
2653
2030
821
5732
2409
3199
6161
2337
1023
5788
1492
2930
76
2766
117
7972
4752
7350
537
7611
379
4296
4225
7560
2567
1495
1944
8192
1695
3536
4258
7339
2025
5512
764
7448
8176
3193
7818
8474
2678
4308
3390
3256
7135
9279
3027
4411
5865
3532
5396
7356
3569
642
3631
5996
7164
3826
2025
2728
3640
3155
3185
3724
3760
3606
5539
2283
4425
5797
171
7129
7342
3813
7269
3603
9006
3320
765
925
1949
4073
4456
6891
7729
5654
4682
7171
1533
4991
39
3117
3491
9266
1124
8554
8117
6232
7432
4597
8473
7229
1506
1982
8905
3729
9398
5293
2622
3758
1853
4541
7328
294
5310
4269
8964
583
5665
6394
571
5797
580
1475
4806
1097
569
7457
4864
472
2669
7090
8220
7766
6414
5536
4813
5708
3204
4699
6243
4951
5062
2857
6776
8045
523
1130
180
4359
8598
1685
1779
5273
7579
934
3714
7679
435
3511
1662
3660
5250
6274
3870
3946
684
5848
6550
1783
2007
8789
1010
7784
4291
2572
5
3569
241
357
1516
7464
3421
4238
2114
2923
2032
3736
8946
9147
5183
8181
3019
6727
8567
7894
8150
8250
4936
9078
5025
5627
1634
8834
4589
6649
1897
5606
4792
6326
4993
5036
8713
8209
3656
1496
4877
9235
7570
9501
7780
7450
8036
8465
4277
3918
7344
5633
8296
4316
7756
7466
3565
1480
9532
1593
5278
175
2797
5821
2295
2147
1187
6895
6845
4641
5017
2305
4500
3690
6044
9075
6434
3553
4669
4744
6535
5311
8333
5768
7377
6093
1596
4777
5222
9327
401
9472
9103
9452
9482
6794
6231
934
5576
6578
7432
1915
6237
7220
25
776
8015
2938
1960
2165
1255
6429
5235
5168
3749
4958
6848
2632
6132
2267
726
7262
6759
4809
8343
387
3682
6208
7600
9513
7025
7868
1200
4946
5476
5080
3121
2041
8109
2088
7673
1041
3199
3707
9546
8427
5328
4397
2407
8644
6001
6115
2562
2216
4188
1560
5637
6465
1994
4427
1131
5293
2851
7584
2493
6974
5727
3379
2497
6561
3568
3388
5382
8766
5388
9344
7588
6320
7273
4835
3370
3127
188
6854
5640
1758
2827
5866
2491
3093
1883
6168
3782
7833
4632
6010
8718
5068
2789
4325
6508
429
6336
3875
3975
4269
3261
4513
7745
6595
6183
935
7448
6549
1886
7952
7690
4109
5024
4805
788
8862
3196
28
4426
1327
2646
1659
1814
4233
3303
1711
7888
8739
9240
8564
4786
9451
4040
3087
1534
9111
9383
1255
6641
7166
2048
1520
5212
5241
1687
5162
3385
3782
8824
3704
9020
3238
9486
5121
4665
548
9330
268
8553
7488
9491
4558
7285
5971
5516
6163
1646
7560
8169
6177
3722
5932
6646
2727
4929
3412
2678
4792
2714
4078
3285
657
2218
6290
4142
5399
1336
2330
3985
1790
5031
1460
5921
434
6920
1894
5694
7999
9728
25
97
5901
3759
8887
3735
3951
6363
9394
1900
7991
6230
9716
5787
8657
64
3828
1683
2310
8121
2501
8473
5371
2331
4338
2720
6681
6191
4549
2518
4101
1483
4299
333
7688
6663
4394
8096
7909
1663
5882
1584
197
1529
1073
3752
9280
8278
3463
5263
425
7439
3337
923
6115
3952
6749
7825
2752
6154
2786
6707
7044
2349
9154
2974
6346
5565
2379
579
6766
4855
5786
1351
84
4430
6061
4147
4347
1502
4698
5215
6154
9869
2829
6174
1899
5404
8420
125
3895
7244
3762
1608
2315
9769
6977
7815
7915
1772
1680
5460
185
3734
8784
7708
1711
2899
3094
5558
1289
49
3515
2596
8172
4351
2629
1068
4434
3553
8335
2307
160
2544
4927
5635
9304
9130
7269
2633
1008
7600
7617
2819
708
2669
7894
8413
3433
3209
7689
8322
4610
6296
3134
4403
6374
3531
96
7762
185
1502
2846
7145
8206
2326
5563
6823
8458
4459
6012
1256
9603
7151
5285
2045
5050
2615
9351
4749
7092
723
7452
6497
8526
8985
8644
6303
7250
8771
6603
6265
5796
7546
2560
7899
9286
1318
7750
4865
7447
1855
6194
3578
4479
5259
3245
6514
8867
1599
7992
4815
9225
4424
8354
7283
7599
4674
10055
3396
9609
7130
6665
7790
6843
9844
8178
1912
8955
4726
2957
8438
6806
4911
3036
8675
4784
6561
3961
3791
8375
5669
2958
3928
9109
8211
7796
9288
1610
4874
9784
9133
3360
8767
817
3631
5264
1217
2142
945
1246
4757
2985
9256
248
4207
2483
923
8385
3003
1025
354
2577
6875
1553
482
31
7928
8769
1047
9246
8775
1761
6857
8946
435
157
8864
6977
3633
8881
9441
2512
557
2124
2535
857
2568
6878
9561
3711
3224
1595
7193
6685
6887
4970
5407
1916
2404
4507
1777
9476
8741
8071
3539
7659
3662
7707
9180
2063
8419
2599
8579
9372
8767
1292
6239
569
1706
7444
341
5406
9592
6305
293
109
8407
3318
1898
9230
5863
7603
2611
9549
9354
3297
364
713
9495
7786
7978
8017
607
2741
1061
2829
7114
8623
9213
4153
4262
849
266
6688
540
1462
2733
9875
3667
7073
3479
5403
6667
6120
684
8530
9988
1593
4834
6417
6294
5720
6638
7458
2844
2282
9420
4648
5105
8372
4799
5219
2975
9601
1127
8437
6551
1657
3986
597
3749
7774
3311
4503
2289
22
309
3305
6148
9514
639
7532
3574
6529
3017
6743
5191
5367
4828
596
5554
1316
848
8395
3584
88
9211
9370
3707
5669
3956
8558
8486
10142
9136
2788
4766
5152
1120
3654
358
5640
5333
1899
2908
458
8131
7822
2607
9531
9770
5182
2655
7586
3782
8105
1198
1676
7005
6949
8820
9665
2345
4319
656
3053
3592
3766
8100
8617
2259
6165
2172
6212
3013
7701
3627
4382
4938
6132
8061
5659
8050
1615
3514
6504
946
5751
7964
3847
348
816
9644
6316
438
616
4327
8965
6576
8396
9542
2383
5360
1014
275
9760
6666
7987
2909
6155
5652
7725
192
988
417
7674
1941
6612
7698
9941
1838
9244
2639
4481
6296
5416
5518
8530
9419
3191
9488
8134
7258
3745
3646
7181
4336
3978
318
6602
731
3935
3325
2888
9485
9648
9158
4153
8737
2861
9956
3890
10281
7809
8421
4536
3944
4071
7315
10223
9490
5214
5074
5639
3570
5241
9604
1770
4033
7032
7524
9708
556
7354
3943
3933
6464
8549
6080
6501
4163
691
3350
6242
7976
8519
8562
2153
9498
7818
7041
7477
370
8824
10387
4769
1621
8700
6372
9882
4998
2093
3336
6801
280
6487
8949
6879
7115
7087
131
5621
1823
4563
4020
9133
4010
1441
7379
5947
314
4851
6040
5148
2713
7618
7355
925
3078
655
3776
9017
6384
9353
4405
6596
4917
6085
6631
728
8516
4309
3354
3400
5970
1088
8337
3902
4758
5084
5448
759
4304
10390
9318
2606
1039
7495
3839
8682
7135
8951
1574
9139
6964
9256
7666
4289
7620
3289
530
3273
3092
5164
2738
1615
6669
1381
9222
3212
5799
8315
8605
4477
4580
9825
5212
6028
7447
1892
454
9443
7981
4244
284
358
2994
5914
2601
2690
4047
839
1199
3518
8829
1406
2439
4288
5044
6238
7092
8082
7748
2894
6979
10235
10039
8760
7172
7050
6904
9602
4078
3504
7716
7801
851
3020
2283
9892
4445
2127
9195
6405
3705
1232
3459
6054
9815
797
5830
445
3885
5477
6713
10135
8320
82
6744
4304
7443
5688
6562
8819
3129
10506
9697
5982
3530
2273
7991
1531
5029
6772
5897
9689
1753
3922
3486
87
10105
6378
5207
4323
2823
4150
7714
7039
5269
3947
2824
2594
9729
2370
5984
5314
10609
5626
3342
2366
2596
8251
10543
2677
2804
2875
4847
2210
9643
7791
9825
849
2506
10350
4353
8004
3826
10607
10116
7321
9066
1330
9291
4109
2672
6753
3956
10187
9798
8681
4883
1612
1679
7486
3494
8506
9872
3320
1433
7110
7648
5346
2869
5512
295
9725
7245
634
3839
2202
4743
9867
4486
9951
974
2101
5507
5000
9839
7293
7692
2513
2620
10201
2895
8921
6838
1972
466
2985
5947
94
9897
5346
10373
7453
7286
319
7902
499
1730
1611
6259
3224
6705
8938
3441
9823
236
7058
3017
9719
1210
2181
2654
5546
9298
6970
7271
9650
4869
2170
7025
7607
10259
1614
2382
1292
5830
3913
7326
3738
8583
2334
2090
9605
2374
9579
8484
4357
3235
398
8673
5386
7169
3184
7263
9294
840
4499
2008
5856
7764
2869
1645
9595
254
3935
8939
8646
6726
7313
8854
6318
6190
9828
5014
9886
7377
2721
7590
9769
4728
3444
4911
3021
3257
3067
5134
3745
7806
8191
2613
5990
6792
1436
83
9468
10110
8341
6421
2470
5978
2064
1495
10418
3088
6366
6000
3461
125
1968
6460
8865
217
4196
10759
4621
8564
10789
7068
6958
354
10477
494
1300
10662
10416
8984
1392
3652
9977
5143
5719
10336
7592
806
6103
1047
10739
452
831
2528
6028
3688
881
6275
9411
294
6801
10290
2919
1026
8757
9030
5825
2607
2152
6187
6555
8060
5463
5222
8210
473
3336
4879
8606
5832
1355
2456
7604
4555
651
7528
420
8001
520
8023
2178
7233
9216
2442
3785
2128
10351
5317
5720
4866
9765
10080
2144
1337
5360
9929
1219
8754
9257
10244
1525
956
6934
8188
6022
5092
9487
938
8247
9813
3163
3549
6723
9695
8707
52
900
3288
7268
7272
1119
9046
7113
6918
1972
3512
854
7797
3748
6204
6992
1727
8453
9115
1123
8974
712
8110
9223
4304
8912
8498
8780
10211
2037
5558
905
9381
921
6073
2137
3684
6384
890
9978
1015
2072
6780
5222
6699
2331
2758
8497
9918
10880
6269
6686
10110
1606
990
7666
4267
509
10501
8604
990
5208
190
10623
155
5362
5346
2063
6568
6305
1447
1742
8362
7235
7266
2713
7286
5223
2192
7354
1009
2457
6372
6891
7248
489
8730
8700
4091
3973
10820
9740
6937
1662
10651
2575
3010
10247
1950
8827
10825
9813
3061
1791
4199
3017
10478
6657
7065
9832
8375
2324
1351
1882
4587
6206
725
460
1792
5187
1887
4051
7927
4536
7875
7080
10205
4907
10102
2481
3954
7637
9635
5957
8730
3840
4513
5336
734
10696
4028
6830
5118
7238
10722
9881
7993
8961
561
4301
10777
9179
7988
415
2360
6435
5830
4213
10096
2560
10470
8954
8463
3570
2667
4576
1714
276
7043
4448
3928
837
721
9877
3470
9202
8609
4292
363
9252
5119
4841
1402
1175
3809
4988
8786
6276
9146
6237
10656
8197
7618
2097
8147
7732
2561
11019
9356
9075
938
239
988
6244
8342
4307
7427
10655
8001
7931
7163
8305
3058
5824
4520
8100
3432
3073
6118
3143
1824
5551
468
11008
6314
7461
5827
1590
8657
936
3770
4893
6947
7424
3210
1909
5135
4701
10258
2399
10573
1265
5179
3618
2743
3282
4940
1260
859
7873
2826
8047
2540
1830
6142
6342
6694
1097
8791
6532
2524
11124
4649
7620
1022
7836
2125
8743
5650
998
5386
6067
1811
8643
7778
2307
4433
2153
8988
2435
8196
5980
6563
4627
2001
6227
7781
6731
1384
3102
8909
3665
6149
6770
256
4834
2065
5579
193
7836
6711
5746
3081
10913
4069
4914
9005
2857
9243
3151
962
6314
9379
2787
6532
9200
10300
6386
7874
7507
6539
4617
6519
7862
7784
3434
9440
6651
4166
2908
3427
824
6996
10316
9218
3296
8961
6854
4997
6888
3813
10349
7769
7716
8013
2376
1433
6847
553
6923
9735
4817
9219
2949
5862
3251
2299
1192
11049
8724
5978
1762
7350
8566
4524
6592
4780
3238
9567
2802
3176
5190
7548
6421
8502
551
904
10411
1642
6789
5494
7273
10391
5156
2494
5514
10968
5340
3448
9743
9576
5617
440
6290
6882
1652
3472
9502
4765
5418
3243
2054
1521
2156
2964
8387
1728
876
2231
5957
5013
2817
10634
11018
8177
5053
1583
8213
4870
9584
7460
2316
10725
5389
2876
6116
3538
2401
350
11330
2366
3322
9403
6595
2518
9773
5066
3456
8089
9581
3243
1619
2605
7912
4164
487
1217
7491
9115
10583
3904
10492
6232
3708
8971
5160
7749
301
3055
1595
7215
1870
4541
6947
3657
4719
2944
2242
22
329
8346
5175
11221
122
10743
2652
4184
8451
6444
11163
6818
151
2002
4182
8389
10811
3001
3629
9171
9044
1685
6960
2191
11322
681
10382
6710
1168
9870
2895
4016
3449
1458
10885
6962
4174
5959
5602
3301
6758
2567
6234
2982
5724
5669
10603
2185
3240
8161
7133
629
4671
7619
556
8278
2838
8299
8768
7574
1959
7087
3226
4776
1743
7974
3636
10855
459
2191
7834
2050
7640
9704
7118
7417
4258
3819
2447
1722
1550
8082
3904
2477
11215
2012
8523
5742
6146
7374
7536
4918
8321
9448
9053
2147
5459
11432
2203
2040
9222
7088
9147
8970
7870
551
5393
3549
8236
1491
1378
2270
7650
7468
3130
747
11374
7087
2378
5551
1684
9203
10062
7204
11155
3366
1068
4379
11450
1807
538
11118
10408
5717
7750
6981
3166
389
9442
11286
6690
1910
2030
2699
7213
4915
9013
8963
8580
2930
5642
7410
6679
6501
4270
962
10385
11363
8617
3157
10384
2096
9603
7677
1639
3946
723
9460
11030
7422
1344
7453
1846
6158
10605
11440
2128
7420
10037
1451
7914
4813
4230
4554
1771
11422
11554
286
3936
972
10517
10595
5994
6539
774
3284
713
10343
1673
5851
5083
6227
3769
8754
1342
5015
7687
1579
3704
11211
10418
7995
5294
4430
3283
2671
9346
1917
8249
8149
465
4153
7445
9338
969
224
5492
3252
118
1265
1482
5172
10683
7545
9320
4044
4657
1085
5406
2315
9457
9823
8869
2081
7400
3630
8629
6124
9924
4108
6300
8113
5555
1550
1647
3440
4973
2640
623
1947
8136
1882
984
3376
3343
10487
8060
7822
1128
6104
8491
9353
1903
11114
2254
2111
11464
5800
7009
8564
1633
1051
8399
2043
377
9950
732
4121
8197
4022
8328
5970
11429
4491
3877
839
6691
6870
4734
1278
10947
9295
1755
8447
9960
2118
1394
8831
10536
7943
7269
7719
7705
5208
1556
9765
8513
7294
9873
2411
7920
6009
11377
4975
7843
8938
6308
11559
11177
1802
11121
5355
9258
3920
7434
8072
10710
8327
21
2093
7237
7843
7295
8436
9480
4974
2171
8409
928
3039
7882
3247
7952
545
7251
9035
7653
8762
1187
654
7419
4376
10999
9978
8505
10431
160
6782
5455
4501
3893
6974
7657
4558
9269
10728
3973
7697
3511
9708
371
3172
3215
11368
3655
2335
8078
2900
4135
1977
4177
4425
4593
112
11236
5066
7971
9412
1902
11764
2205
9982
5088
2027
3723
3165
2554
2994
10113
3234
10457
7403
6585
11595
2577
1526
8565
11548
4800
7890
5851
5915
9000
4015
3186
11258
2271
8436
5274
3336
793
10404
8526
6358
11031
1789
2355
8272
10521
11467
10557
7429
9049
4916
127
6616
5795
4856
4108
3897
2490
3121
7012
4361
9730
6319
7803
1876
11009
10639
1491
7394
10017
44
494
3841
8667
8856
10816
753
5408
6740
6900
6600
5840
2550
6929
9675
4348
5613
3986
163
320
9146
10139
3111
5894
651
11301
4060
6727
9990
8541
1004
9231
9803
2070
8899
6221
11729
4846
6960
3421
2306
575
5282
11560
10056
1048
10146
7061
2404
4207
1144
1836
3568
11353
4564
3803
2076
4626
11299
8235
10902
11558
8049
6824
6631
8096
3661
9624
623
4192
2446
1152
8090
11779
9304
8928
3403
4349
10507
4701
6126
6196
4554
7152
11552
2807
5789
1104
1806
1395
7704
1013
3165
4487
3462
1361
5983
11617
6938
11057
7154
3455
7923
1156
1094
10735
1391
6441
4344
8879
11065
61
4924
3772
10271
7976
1473
6067
11365
4654
11252
10594
6008
8825
11419
8140
4494
2479
404
3033
4517
5254
7576
282
11415
876
6088
6270
10212
4566
11081
6218
2252
2734
7655
1623
5816
184
6427
8706
3641
3694
1526
2526
9301
8876
8658
11787
8105
6588
6329
1218
9053
11112
6104
8303
10614
11413
7436
1148
4767
8129
7856
2040
2403
2796
7946
3348
2117
6383
3396
10668
2678
4620
10797
5131
10252
5325
3798
3318
8968
6604
826
4371
12038
1911
6395
4875
6706
11163
3062
3222
9703
7961
7012
5927
3512
9641
4633
10355
3288
6175
1658
9381
1378
6919
11093
9489
1362
3918
4481
7122
11824
11325
5008
6444
1118
7574
1109
4906
11928
11048
4988
1504
8093
6651
5846
9115
11994
3469
3016
1608
8102
6928
4138
2168
6725
8784
5023
6860
11626
5330
9396
6533
1594
2791
2735
11439
7411
3182
3608
10325
9561
10239
6673
1757
8967
6846
7145
11762
1412
6802
1718
11902
6163
11584
10210
11304
5335
2102
7764
3453
7448
5086
6460
6891
4980
2800
10130
7889
9337
6158
11475
11026
8743
5974
1999
290
5635
4120
2662
7480
7448
9809
2869
3376
4072
7287
11581
10289
8535
11781
3156
8287
441
11718
885
11775
1663
5832
5205
3273
9335
4897
593
1572
402
4020
7474
10765
2606
7123
9791
2608
4402
8590
4654
4248
11374
5571
3
5705
854
10325
3168
10980
4064
1016
1881
10326
2987
5463
3260
5399
10317
676
9478
3909
7729
12047
3172
7865
9479
5715
3580
9455
3809
2487
3013
10515
7861
12035
11430
4811
10325
8936
5439
2388
7257
10126
10092
7555
481
2101
9420
8208
1157
11393
10685
12038
2909
6884
1826
2502
11885
6613
11503
11743
11393
856
9583
5356
6832
7402
2063
11268
5474
542
3890
7230
7901
2760
9279
7677
11268
4816
9040
8219
5647
7829
446
8484
7161
597
10835
4755
12084
7538
5126
9454
11466
7329
6036
10620
4394
2380
10475
11466
1322
9277
2691
9634
7
4824
7489
6584
8289
7649
694
10444
9732
9860
2570
4815
6743
130
10189
4503
9260
9367
1232
3339
2295
4067
3456
3525
2038
11920
7512
334
12168
1194
11266
3397
1400
6949
6386
9121
8597
202
5638
6732
11941
7339
7358
5217
11694
7292
10531
2099
10753
11786
4013
5596
9898
11441
7115
6144
3921
8248
816
10384
5596
2327
10385
9748
1087
8666
10387
512
4235
767
8291
7380
5387
10137
6601
7082
3287
8395
7702
11969
4861
172
510
8306
6673
3235
5954
599
953
594
12340
375
24
829
11906
6873
8802
11277
8277
9082
596
525
6812
2349
7331
12263
7701
7258
9269
2655
11155
7614
230
6149
10121
1525
7552
3450
6238
4939
8524
945
11307
9818
2746
5029
7309
2604
10261
8889
4563
7041
5673
6924
4749
731
2111
2317
2813
9991
3061
8917
11383
5188
3523
1101
7195
6135
4703
8871
7130
4159
5202
6866
10739
4707
106
11608
7936
7226
1781
12038
2201
213
1661
9908
11407
2364
1958
1545
10077
11495
11783
10591
1287
8050
168
11785
970
5311
7473
361
9087
466
6165
12242
10091
11375
5060
4738
2217
10121
5934
218
4433
10992
2200
11197
1727
11130
2254
3526
9848
11761
2445
3101
1132
9000
6933
11643
5025
10529
8372
11971
10051
12061
10638
1890
539
5497
3400
1614
12425
3201
2970
3443
8939
9578
1992
6471
10479
7600
7661
11069
6561
9456
1795
8392
7097
6900
9620
8027
4426
6873
823
5012
7255
388
2249
9007
1509
5708
9540
2708
1026
10302
576
6776
11195
9853
716
5067
5516
6512
9322
2131
10608
2387
10057
6354
8889
828
2534
3374
7934
10193
3783
8763
8191
8794
354
7246
4833
9224
11341
8240
9803
2732
3228
5160
2886
4502
10255
11289
8160
5793
12227
10304
445
2416
186
10516
10344
5573
11128
8885
7500
9593
1501
12335
5723
3537
6979
3235
991
2145
833
11006
6218
11290
11854
6838
12098
6132
5287
8359
1639
6564
1721
7283
4509
5495
11307
5102
6759
12424
3389
6972
423
9722
5965
8619
119
10885
4277
5013
5131
1210
9398
7693
5703
5528
10342
8479
9584
11265
4039
1390
2313
8888
10523
12590
7242
8969
2795
12378
2092
1423
5885
12338
4056
6002
4326
6026
5039
2652
5401
751
8148
5021
6974
6568
2829
8282
8694
2662
2433
1308
129
3498
9612
7876
8542
206
8267
4361
639
10687
3122
10447
7464
6108
397
44
8553
4102
7430
8558
11348
718
7987
4809
7863
10420
363
3583
5918
10108
5573
8319
11
2891
7847
12260
5135
11774
9373
10822
12403
10837
9298
2204
3768
6641
4547
318
3645
10
3216
311
1385
3974
435
6462
8209
6697
8815
11000
11607
3496
8038
11200
1463
6729
12694
10370
3423
1153
6541
9029
6336
11335
4971
9040
6716
12159
6717
9547
5305
448
10712
9515
10257
11618
10545
1953
6899
12179
9277
11631
6445
5909
8863
5041
3828
7024
4518
12569
2803
28
1838
5817
6826
5931
8551
11596
1663
2871
308
9702
12503
278
11475
11346
1900
3528
11607
6305
10629
10981
180
1962
12169
6708
9782
1481
11616
4282
4726
8340
2939
711
12046
5132
9017
6969
2854
3129
5101
11628
219
5902
1513
622
7090
5545
5583
3567
8604
1012
6131
12440
3015
12626
4408
11061
4836
2660
7466
11059
9460
7851
5097
10419
11191
8937
10649
12739
5696
5883
5991
8075
7297
11403
6251
12437
1996
3673
3035
1243
3805
12437
9942
8455
4195
9545
12144
12640
5803
11430
10444
12621
10270
5221
9575
4132
6653
344
10556
2446
1894
5221
11689
10887
5676
4188
6977
2075
3454
3593
12270
4164
362
6649
8142
7675
11784
8773
11671
719
6523
4733
10648
9728
3010
9764
2878
4174
4422
2168
786
9451
3078
5278
5855
7148
7552
652
7093
7318
10670
7388
6769
11679
4298
9070
1758
2501
6767
163
5128
6967
11719
9327
7677
547
5031
4499
8525
10
12018
2722
8884
3446
11300
7316
5494
4715
1177
9118
3747
8706
11821
6989
12326
748
9048
3449
6866
7476
6422
8102
1037
1506
1963
2145
8378
8590
923
1665
10861
5825
9239
11222
12902
284
8975
2823
2136
6985
2965
6315
9731
12960
8026
3622
474
6060
1594
8236
1017
5889
1847
1605
10020
1133
11341
2314
11599
7666
1454
4681
9422
3474
2651
3781
6993
6233
885
6530
7802
11204
10791
5942
11023
5842
105
2326
5163
1410
2219
2166
1396
4217
2607
5719
3849
4237
10943
5058
7246
3683
9387
6254
2424
3702
4235
9934
10209
4503
3584
5610
11776
8417
3620
10731
4296
3879
8807
9034
9236
11730
12843
1413
7595
3662
7778
979
2220
12022
7491
11246
2919
12585
519
6033
9994
950
7556
5187
5336
4311
4206
4267
1531
3167
3848
9523
2020
4735
3131
7803
9197
5258
3030
6795
6794
1867
5825
12251
6929
12087
10185
911
11338
10608
10305
12845
12067
5380
3103
11850
6765
4782
6355
11348
2149
1612
8158
6452
11155
101
9931
1991
11557
11180
3283
6313
9534
3412
9436
4303
11390
7970
7755
3352
12367
9949
12724
10248
11650
155
10989
3625
10550
11934
3254
12983
11879
12689
3100
3394
8441
5599
7459
4728
2566
12796
6763
3426
4781
12129
12038
5219
10924
12102
9096
6676
8806
4434
8671
12857
6894
8577
1904
11722
7733
1847
6469
12014
10679
1074
3146
6924
6936
6008
8739
5760
7569
12916
620
5965
2561
12061
11328
181
506
7190
9020
9650
4105
7772
11856
10455
5198
3724
6302
4556
8864
4310
6495
1829
4329
410
1797
7873
774
12509
1933
2185
4154
8890
5319
6805
276
11290
12851
10899
8648
10946
9907
12390
1298
7791
4754
117
2085
2193
6695
9199
5496
12661
6687
6654
7641
3141
6285
11176
1291
1159
9946
11911
5290
7109
9743
12827
1490
6983
12513
13234
4437
106
5239
1567
2887
9590
6309
51
4853
11903
9950
229
1381
12216
536
44
4771
9576
5292
9843
3795
9839
10429
119
10382
2659
2036
4271
2232
2116
321
5939
1658
1622
7077
5309
9647
2838
5000
7972
10962
7358
4589
9300
6799
936
7295
9240
9980
4351
574
2578
11983
1633
1759
2637
10388
10776
8652
12520
6591
12290
6660
2095
12510
12321
9125
4338
5279
3317
8046
12724
4629
7122
203
7064
11760
6639
8802
2254
13040
11505
10961
144
9735
9291
4236
5632
2204
240
4298
6853
11288
11077
10123
627
6178
3988
2296
6403
4267
2872
7308
360
9453
4775
5334
12593
8367
1753
11561
3530
7164
12169
13033
3298
8783
8834
3533
9428
1795
247
9564
4086
4227
128
8537
11048
7117
3343
10002
4844
6226
12225
4009
7227
12321
4376
11000
1558
5287
10048
8915
8856
6708
10338
787
7156
3663
6223
12663
6722
10425
2824
11258
3901
11870
11715
13315
11471
12363
13133
2736
11249
3480
1378
5750
9684
4884
2937
6016
745
7195
2589
4643
4292
4433
3737
12542
3086
6783
4000
6670
2022
10008
9238
11150
410
6872
10548
8757
9268
12612
3573
6342
11385
3941
12199
12813
1127
12278
12024
2324
9169
10612
10322
5595
9822
10612
9146
1122
12414
8799
1534
10848
4693
8820
9831
1582
8043
9954
10443
12034
12854
7309
9557
9186
9785
2960
4516
7864
7396
10852
12322
300
688
7285
5987
9772
2945
5057
3897
12316
13126
3641
123
5526
1189
9588
6496
12508
13312
11038
9087
11362
2380
3737
3643
5484
3957
11889
1060
8557
2311
11802
171
4720
12949
589
4697
12867
5692
2779
4725
5048
5684
8688
2170
11685
13518
13057
3650
3361
10474
2772
13197
2226
8276
1528
493
4152
12722
5155
8278
6497
6294
5606
13009
4949
11924
10048
6688
6064
11934
46
2932
1113
1063
1955
3475
8882
8665
3533
11809
10334
10516
9706
3691
12659
1317
11194
7052
516
2367
4167
1419
11730
12876
10422
493
3092
592
4496
12922
9930
13278
7388
6122
8116
8720
8516
6653
8848
10725
7189
7177
1865
7440
13060
13147
6903
4445
11847
9048
8717
5304
5084
9701
1305
1099
12246
4368
13329
2510
7818
4700
372
9683
3692
10412
11928
12871
7742
13186
6338
4611
5518
13071
3942
5111
11213
7782
2378
6593
6076
6381
6289
12430
12244
4246
4153
6681
5525
13151
4
8153
1480
1382
10818
3464
6402
11130
4032
12930
3076
7283
0
8888
2279
7762
10432
5211
6388
10846
6692
3533
4455
9508
12353
334
12350
11186
8092
8585
4304
3278
9738
11583
13574
8784
1549
7011
1496
3157
11803
8791
9217
4032
2395
10355
5774
896
3258
2303
4
10713
11495
9569
8018
2695
3596
403
1006
664
9556
3895
8988
7577
5578
3480
11430
4873
10786
3730
1734
997
4341
2066
6730
9573
7166
4383
13467
9517
4453
4962
10791
9163
9819
1337
11648
10874
9506
4896
7056
10993
259
5419
6891
8368
186
5748
10914
2887
13152
3639
10368
11495
13178
8459
535
1807
5589
1397
8627
10709
3373
12931
2232
6050
2303
4111
4179
13456
9510
7869
7914
6919
9482
5254
726
9402
2357
2693
3894
11339
7871
7308
4514
6218
5569
5005
7641
9182
8487
12707
7692
3921
2854
11597
8952
6419
915
4349
6999
8009
11213
11493
3813
2877
970
9507
24
1122
8028
7569
1681
13807
5639
7309
9088
11163
13087
3793
13365
12765
13720
8293
214
12465
10849
5357
11235
819
99
12750
8197
9073
1658
3100
5748
13457
3514
9464
4615
11337
13509
6893
10572
8312
13246
2674
7753
1555
8453
10705
4273
8092
3855
7844
1982
794
2545
13160
12467
13497
11881
5528
12706
12922
7423
4133
12216
8206
11368
12123
10322
9179
12999
6299
737
2739
3627
2899
12744
12732
6661
807
5999
594
6805
8748
12851
3921
5147
7779
13874
13333
10131
11288
7951
7275
13058
13545
6963
4791
11608
5756
7684
1685
1582
10651
732
6991
9996
8423
11138
8320
2621
3454
1480
10919
8328
628
3255
10938
12725
9625
811
1151
1826
2102
9867
6372
2711
1620
13391
8150
2668
11532
10758
2547
8959
6226
10040
5226
9969
7812
7301
11559
11689
852
3895
862
10649
4860
6322
7989
2438
12483
4286
64
10905
13017
1752
8944
2802
8525
10939
10106
5837
5609
11783
431
1232
8543
3519
7905
8526
280
3131
8362
12357
1526
4612
13936
9415
3744
12107
10999
4247
7120
2861
6229
13727
10671
7040
6871
8850
6493
975
10633
3420
2656
9524
6394
1512
8180
6077
1773
2197
4611
2028
11530
13447
12646
4842
5216
10508
13004
9984
10965
8600
8888
8110
2426
8740
5713
6600
13580
2364
5038
7712
4611
6005
13849
1553
3014
12244
4620
9559
1165
8230
2771
11492
2912
8583
6349
12945
10387
13421
11678
5353
5910
5467
4405
8826
13948
3166
4592
4838
738
12107
1541
12653
524
4769
7801
10581
11495
10766
11421
12584
919
587
8135
8446
6035
6426
7062
2213
8759
4762
5132
3227
2173
3258
6549
4606
6005
4825
206
12975
1240
4880
11568
6183
5820
11832
7120
560
7024
833
4930
5938
4279
9619
6936
12611
8089
13533
13647
1577
6726
5114
4768
2498
4682
5371
8327
5763
1094
11636
5965
1934
9336
7368
10090
6644
9329
1481
13383
8356
10204
3338
12181
5404
10232
1098
1903
4028
8158
295
12636
7279
11700
8166
13806
5614
8820
1483
12791
655
11702
5965
6337
7631
2680
4377
11387
10849
8961
10877
1820
964
4553
5773
12702
1793
3071
13986
7947
12224
268
13056
3643
718
13490
2966
1936
2456
883
11998
12964
9875
9825
6268
9450
5924
5949
12954
3273
12940
3326
5017
13464
8230
11019
13176
5575
2458
8944
3138
9070
6564
2220
10948
2576
2422
10565
7998
10366
7455
4186
6493
11797
7623
9730
11702
12767
13009
10054
3797
3376
7455
372
2404
8030
9218
12389
9090
12564
11497
8201
1366
1355
12283
4127
12646
8164
2756
4927
6054
4011
525
6371
8934
3323
7002
5624
1194
6968
162
642
12711
14176
9894
5822
6806
4960
11511
8168
1805
6622
3048
9235
1093
4083
2929
8942
4031
5952
14176
11573
1748
956
4976
3671
4466
3005
13076
2455
413
11311
13352
7922
13332
13553
8949
2287
3269
4888
728
11060
4511
2666
5908
9148
3509
3614
14059
4759
13729
406
11896
8429
2273
9432
10437
10867
10088
4076
8230
3417
1012
11368
9743
4218
1258
11129
12662
13591
11273
10246
2932
3519
2970
5271
12327
6657
4437
10813
11336
11844
11670
4232
489
9511
9177
804
5590
4896
9009
2315
1199
3471
5157
14038
7064
8477
5028
3602
10
14067
2729
12999
12054
8940
5142
921
3222
1431
9077
12944
1221
6802
9619
7429
7962
3632
1473
3461
13871
2915
6789
3984
4240
8370
3376
7229
4811
2869
7238
12070
10781
2540
1751
6234
2487
11841
10399
11908
3349
10748
1536
9214
11451
7451
14124
11112
1702
5563
8454
11678
8700
8049
7077
4640
2786
11563
2688
1423
2850
10753
2559
3315
111
1379
18
70
7899
7645
5398
13799
10778
2451
5376
11406
6032
8224
7140
3855
5585
3370
14122
5266
3898
13193
5851
8727
8984
5591
13106
7595
8680
422
13966
2666
12645
11120
7546
13485
1333
4785
6025
9747
8011
8807
2818
3643
5788
28
11281
8740
11242
14076
6610
10153
12377
1214
4080
9144
9291
11867
8162
2684
8113
9555
6034
454
525
6778
3416
9330
8593
8205
6384
2916
2470
5770
12600
4406
13353
14331
10585
287
4206
5318
10107
10758
2259
12032
9629
8964
4222
6369
10115
6964
9415
9406
4783
11036
1131
3248
3456
13823
14469
2122
2241
540
5317
14466
10386
7932
12380
4451
8237
14059
9732
9076
12653
273
1833
8984
9429
13550
6780
3438
1735
10416
3943
6535
4797
5240
12773
8500
5691
8456
8789
4487
4506
8202
4515
12065
5523
3043
8862
6198
3084
670
6140
9286
10868
7198
11523
190
14296
7293
3847
4020
4469
11472
2818
14278
9276
5292
1257
12203
9848
7389
2046
3454
64
12423
9642
9868
6791
14356
3505
14404
2974
7248
4145
3837
12780
10044
4911
5386
13529
4677
4587
11418
2858
13808
10741
6649
8778
2669
7354
1030
13944
8576
5780
11696
2181
1089
10107
14267
6218
7645
5137
5127
10976
10936
14003
897
13353
11619
13150
9972
7641
18
14089
1540
3946
12845
13502
9774
12287
1526
13220
10838
6683
14446
349
13472
2475
5444
7532
4856
236
10268
9665
5848
10200
6140
5010
9131
14531
7769
14037
8128
12510
6469
5636
5709
8299
8400
11655
13582
1718
3563
8022
2277
11118
9261
9634
4558
4804
8661
5003
14154
431
14075
3756
3935
3957
10208
690
10918
9120
10942
8517
6568
2103
12548
565
5946
2194
2137
3636
8533
8589
4003
11311
12742
5224
2618
9118
14370
255
969
10012
4668
5878
8576
12659
5248
7098
3531
8396
1920
11618
9382
3150
12812
4060
7217
9947
12755
13854
1434
8544
3453
10887
7290
14298
2054
10239
5944
4207
858
1912
12418
5734
3798
6522
11395
5236
10329
14606
5214
3068
1983
9995
2719
6085
2568
5397
11485
14172
12971
13638
9361
8793
1812
12947
5739
5330
9528
13862
14062
7369
1674
3335
8443
7096
3725
1380
9756
13698
423
2867
14003
8992
7276
8416
6927
7433
5480
2336
9461
8580
6978
2731
1619
7176
1024
14177
13796
8256
12238
8610
7071
12792
11199
1423
5090
2746
5549
1165
9452
3225
2598
5641
5085
1510
4644
6905
4013
8441
1357
7687
13215
14560
7714
12040
6887
6700
13662
12597
11996
14033
6026
1781
614
3202
6740
10815
6855
8303
14035
10484
14643
11419
291
12638
10864
10103
2709
6701
2138
3671
2939
11846
3046
13187
8759
2803
9255
4100
14024
6294
10630
7383
12985
2799
9054
2636
14048
1487
12370
1796
5496
11825
14334
7823
6344
11056
10168
14193
12570
6543
3554
3407
10120
7649
2990
8572
1346
10988
14275
10135
5654
13174
11150
8010
5837
10750
3736
1848
12927
9300
10258
14779
11513
13156
9314
5691
8198
2044
4191
6338
7132
4682
4085
12328
1718
2626
3542
9129
11743
4041
10893
7056
3319
12811
2413
1472
8659
13021
12072
1356
7831
14005
5813
2131
8871
5381
14252
10374
7121
2199
3136
9057
7061
8933
308
4360
12182
12918
7869
6235
11735
6208
3733
9149
13097
12479
9928
13373
8116
503
4266
5727
5531
9115
11992
2987
1206
2582
2307
11012
12626
2949
7554
3256
171
10943
14951
14767
6531
5981
2304
3347
4774
3326
7759
12252
8903
850
12419
119
441
1878
866
4666
7931
11713
14788
14826
9502
1865
14141
13932
4610
10405
11453
390
3286
7185
11930
2467
8591
13869
1211
1363
4250
10774
4506
2791
14769
680
13759
13571
13074
56
13279
12981
12335
6182
13345
12130
8578
4126
6526
1122
10410
9788
4311
8646
11003
4543
6250
1418
7541
456
9875
8651
8516
896
5330
13047
13465
483
13335
11704
11163
1950
7456
5377
4735
5878
2680
13001
12054
2243
1224
8456
14321
271
12096
1209
14022
4262
7140
10221
5204
2243
10154
6598
10472
14089
3904
8254
13926
4218
1568
11559
9661
3240
7923
1607
10616
4860
7210
2780
2269
9448
4421
7824
7735
14348
3833
12705
183
13530
9990
12338
459
355
3671
12044
7040
4874
10011
10873
6758
15041
8092
2712
11679
3590
4190
5335
9720
10820
414
6244
12209
1528
5084
10345
10594
2463
12585
3881
8449
5932
8075
3814
291
3026
3061
1521
14293
13348
3956
2504
3748
5165
5190
7398
64
4061
3901
3301
12093
1717
8330
2619
14349
7816
4106
5758
12077
13509
272
1649
4861
6286
3587
12777
12948
2539
3601
354
7169
13700
14430
11629
8763
2706
12483
13723
1970
9861
5327
10399
1032
13853
2262
3702
15025
8367
1863
8255
7594
1902
10562
8718
5944
11904
10463
10910
12907
1010
6648
9857
5858
6662
7586
9315
256
8012
3348
8965
2196
8503
3260
11990
3846
12166
13326
3179
12143
8834
723
6158
8157
14532
1984
4861
4126
5756
7903
3209
14719
2343
11995
12052
15018
14435
769
5692
3674
6272
14490
4367
3464
5826
10502
639
7598
8969
4368
5912
1708
10364
14886
2923
830
4439
14360
7632
7783
3052
1704
1278
1542
5218
6586
13585
4874
10718
143
12154
7738
4741
10461
6001
4980
5681
7480
2531
4570
8767
8794
5912
8436
7073
7540
10117
15179
10895
7302
3933
6624
2560
8258
10266
3072
11471
1160
11115
645
3517
7457
11543
10642
2653
6844
2720
7525
14810
13875
1870
11927
6748
6206
6287
10072
9435
14488
9726
13675
11337
7179
14651
168
15147
12172
7476
9140
85
8818
14222
4526
6084
4586
14436
6227
10721
13828
1155
7540
3392
2422
9614
1778
13350
551
4811
11629
8651
4783
8024
5577
6003
15336
11575
11592
11683
9053
6880
4962
1358
13707
8517
4472
4062
14263
1494
1511
2532
8470
14394
2291
3963
2630
7487
8862
9448
2384
1308
13697
11847
6285
3306
14894
15150
13237
11902
4585
12325
13743
4995
7785
1535
7224
12879
5444
15018
14445
9320
12920
9581
4886
12477
9726
9942
162
12627
4773
12991
11990
13054
12575
11379
13065
9208
4962
11831
2232
5980
11820
13960
14598
12750
5029
8201
4580
2946
719
7512
2173
8677
6340
11802
8272
2342
2125
10843
3825
472
7424
1170
2325
11137
12294
13605
19
11845
8990
9716
13679
4515
10697
3258
9063
7558
982
5157
7545
3174
12320
7792
8661
11480
9446
8378
3411
12087
7538
13471
13548
14260
13654
15008
2352
13981
11025
7363
2514
7449
9373
6947
13741
11359
3842
5818
9449
12016
5140
13055
14476
6508
12631
1932
7297
1985
2172
8129
7982
1603
1310
10264
5322
6187
7821
11737
8742
10131
808
7239
14177
6506
3272
10602
11775
4314
12775
12844
8206
8965
7808
1650
10177
15178
9551
13879
12677
8916
10193
1426
3227
15488
11054
14800
10937
15023
2240
10401
8214
12083
14401
7598
2949
4818
8196
2896
13836
3095
10473
12304
5462
9213
10764
4586
2443
2363
12744
14879
12670
9475
1400
13207
3824
7018
4678
14025
2482
4861
14546
6966
2097
15137
7078
10077
10186
12199
143
1066
13409
1246
10413
13420
9231
8646
15132
375
5066
8941
12793
4479
7631
10543
3
4315
2129
12045
5102
4463
7812
11238
13882
870
3154
9620
7899
13267
11866
13991
12651
14601
2748
13725
3493
10298
1696
5303
5233
10263
8057
4184
14572
3375
13146
4583
6088
1121
3507
12386
14572
12581
9493
675
7686
12857
13365
1795
698
9241
9030
655
14000
2753
7517
14906
14767
10975
3920
5006
784
15582
11191
3702
11124
7855
276
1867
13955
13353
6669
2054
1564
390
9229
10706
4315
3811
15087
11001
11746
4499
1053
4407
4598
2032
930
5099
4077
254
4324
15581
9218
10896
11602
12234
12649
12444
1387
9642
282
17
10854
15655
8806
14440
13130
1120
762
12690
10147
12781
15550
1083
12814
12088
4626
10497
9152
4261
1802
1110
15054
10427
2567
10027
9507
12770
310
14413
13122
14261
11081
8794
6480
10949
10422
7596
4083
7389
4461
10772
9300
13226
12098
279
8314
1045
9639
13676
698
14699
15165
12155
3273
10437
4934
10405
11294
8614
2121
6753
8255
2588
12588
13428
9601
10875
15735
8166
12483
7401
15754
6833
835
191
15644
4103
651
2466
8409
6605
13951
9434
6825
3443
511
2135
8791
3147
3431
14666
12313
10633
6348
170
6855
6259
7911
51
925
2608
13194
11040
8649
9380
14390
1355
14996
5490
12498
5949
2949
9416
15544
2310
11856
13511
9216
11623
11763
908
11605
552
15296
1378
9034
1076
5220
7991
349
8318
12770
6033
14115
9957
914
3200
3993
8161
9659
871
10234
85
13722
11163
149
9175
6476
11243
12265
8399
4178
12891
5089
10774
2976
14075
2814
12962
11312
6330
12
12012
9179
8238
12087
11168
2270
15210
14222
9760
12710
12682
15337
503
9690
14573
11888
5134
10751
14137
13236
12729
8143
834
15258
2956
7386
3483
5510
4677
1121
5723
7632
1294
14713
8408
11329
5488
12873
6116
6772
2684
4683
3823
11694
10446
14870
1272
7337
11513
14095
8480
7082
2325
12438
263
7998
7783
15754
7238
7546
7498
14366
1821
3379
11110
7824
4936
10357
4296
5923
4219
5055
12707
2411
12624
12185
7116
739
13481
4391
8466
1181
4214
3793
482
13293
4569
741
8772
14219
3613
14219
6995
13523
6199
11193
1759
10071
1447
3471
7030
8988
503
1851
9922
10886
8755
2026
11009
2415
1116
2398
9407
433
3034
14994
4876
779
11282
12289
2608
4879
2587
8484
11003
11459
4207
5171
11412
7092
6514
15092
12345
8029
10748
14679
3846
8063
5757
12237
2771
187
9191
14222
6537
9604
2545
11700
1135
7140
2729
4666
3636
13613
